Nr of users from mastodon.cloud is 284
109307832535763196
1
9055
109291375057152144
109753463216058475
314955
110198264131560163
109827574421211852
109509756632722013
107910359182608745
109298498793572819
110392447883705807
109305134722664668
109245587407209477
109292171891619350
94093
506353
109355837803765685
652808
312182
115056
109480975517474791
643336
429954
637578
109462898452540790
108753907592673167
9937
109366348940490087
110028168689218817
109283164656188681
110181385536144696
109313962410853735
5042
110067835213484707
109547519659576058
443237
108197367164638516
109343968291988101
109919132789059980
109415901966684860
109296462435438645
68338
457179
109550092274124103
427885
14335
109615029542272307
633538
109726678985099180
109652651382005396
109534100359810634
109309746404941459
109386933212753836
109371611146645397
109363629595292155
109341239087652541
8939
109735452921229902
661781
109365590793434394
19852
20599
117071
109842622308251383
10558
109523644603123146
109536620990398151
429602
109538766373871974
109379803651261381
109872029384434007
109301214975626615
307807
12442
311579
17307
109303891887190807
109317747794795461
27879
109291080228973647
506497
109363344042615758
109374802177217678
417637
41927
109648025000495757
109748732834828175
109299563820298704
310741
109594983897651427
109594979896461664
32521
109862963462858561
109850618640120344
33603
109743954542018694
128678
125448
33587
113924
16573
9846
26935
109308792404436302
109384524306443415
109288109435740549
109304004377726866
6517
508892
109309725581925461
15315
298451
109366597587040239
110084943400742661
109431928278906016
109363396919707248
109683735762912243
991
108194436100899315
39184
616860
109886031095082564
32605
109837076375248197
249877
51360
52903
110483
126267
125117
58029
50910
44313
52408
39938
49739
51188
43097
41859
109742455376741629
117581
109709233132236088
109369414539596326
557119
122540
11477
360570
109379894777347038
315991
46286
311855
110196911662609365
109298063209239614
109748409298483974
109291386954856112
109298853448416494
109260648343744638
19770
110399307400434064
108724107285777443
108959948965059417
109524670049526635
109627726164940746
109847702684362960
7885
109362296312202353
7559
109261344196958590
109121776066713684
8590
110307859175177091
126246
13803
109523761017550031
5250
11270
109269550880538049
109300792886556986
305993
110099427990042279
1915
109623356290778657
109313722904532278
25202
109677976967062159
446787
446592
448130
416733
457505
109504641107155146
110039117677684297
109895761413983689
4071
421257
507875
109287636817017374
109321463112454670
109291583857133580
18356
24871
24659
7659
40869
109924252343392010
110164144992698286
110048618907462409
109770137881053644
109741971271962199
29015
109245633204972007
54169
45054
40162
47350
287802
110225558526865540
21440
109287726533806556
109316676657461740
109300131884302983
72139
101280
109304084121044265
8630
109372385732769174
109367707793132963
24481
307784
313655
109723154718339588
109992363522174763
312355
109386062756726920
497963
53587
24047
53479
109440730416507471
109322159494374745
109592486698476002
109365706648732425
653589
109410049758902966
108195705384543895
108195700824597739
515452
109438332054632538
109299155068571376
109720073552952614
109398916167470308
109287885734423047
109380634023298136
110259735438970882
6226
109319912495274438
109698253203992326
109293611015783420
109287105077202649
109349443826864252
108192936869211863
11934
109445414644528479
110192
304980
109782525722725438
35061
7755
109364843067027707
152022
110249070784669959
109481420048656937
109488219014938387
109381109021860368
109292224276598270
109822334008817548
24381
107873735165918126
109331237304872062
26631
558505
109366608364675874
109288948172598037
