Nr of users from mastodon.cloud is 1423
109753463216058475
314955
110198264131560163
109827574421211852
109509756632722013
107910359182608745
117071
109842622308251383
8630
507875
307784
110099427990042279
313655
109845336528519576
108753907592673167
601561
109585167850427763
107366923128141372
109588731333170378
109332541867655280
107873735165918126
661119
109410049758902966
108195705384543895
108195700824597739
109320351179623189
109522339451077624
109515716505568065
109919132789059980
643336
429954
637578
457179
307807
12442
1
46286
311855
110196911662609365
109537270032646868
962
21440
108197367164638516
109287726533806556
415251
110087648748620443
109324799475945668
109242248398554696
109370168142560473
109364429309046385
416729
109321367215986910
416733
109298498793572819
109332856614116873
109349023789614304
109348853851586027
109333576682774872
109300131884302983
72139
101280
109381109021860368
109292224276598270
109344278262647330
110141511775860840
110119422391974763
110074955658506050
109926312460455517
109923719884901506
109913910175200334
109891329169632364
312182
19770
109298063209239614
108724107285777443
108959948965059417
109524670049526635
109405997904817961
109723857887742425
109405995061120513
109623898503196458
109750928762570552
4071
421257
11457
109325832522931034
10816
6580
11660
11614
109438332054632538
109271240201333282
448264
109433790285950934
20701
109291375057152144
19970
109741427860344145
109366348940490087
109307832535763196
9055
109824200594913642
109440730416507471
109615029542272307
109322159494374745
109592486698476002
315991
109349443826864252
13998
117581
11270
109288222422119873
110003170025039468
429602
109538766373871974
109379803651261381
109480975517474791
109320366653166007
109558589373015301
109121776066713684
11687
157036
8590
110307859175177091
731776
7324
457505
109504641107155146
110039117677684297
109895761413983689
451723
110028168689218817
110181385536144696
109313962410853735
109260648343744638
109462898452540790
109464544446734637
109262637292490909
109301396374468468
109339937865317474
109131712493963969
109288750575808883
109290977194271708
109266089506628680
109460176142746694
109542263429280626
7659
24871
5250
991
287826
633538
109726678985099180
109652651382005396
109534100359810634
109309746404941459
109386933212753836
109371611146645397
109363629595292155
109341239087652541
5042
110067835213484707
110293076619593869
39184
616860
109886031095082564
32605
109837076375248197
249877
51360
128678
52903
110483
126267
125117
50910
44313
52408
39938
49739
58029
51188
43097
41859
109627726164940746
109847702684362960
652512
108982729492568883
109553369911891434
9977
7224
109386062756726920
110249070784669959
23215
721597
531639
109299155068571376
109720073552952614
109398916167470308
10558
109287885734423047
109301214975626615
661781
427885
109953062212263834
109322875811731109
109300464545068410
9937
306997
109300792886556986
109550092274124103
314384
20935
309956
109431928278906016
314286
106978863998064556
477492
586038
538376
480149
541083
11566
109313722904532278
109686601415159286
109291765014897408
109380634023298136
109365590793434394
5707
109364749524934132
109287386534781243
18294
15430
110073552642349342
109835772955865403
109824879651840707
109353322318312463
7999
109298497021560890
36435
109395664605980977
26023
24377
11842
12757
24975
515452
109369414539596326
557119
122540
109295494624187063
109374204060310369
109362730383474123
109313207958566141
109342816541873668
109342544834629953
109314766656132586
109295527554088299
74446
13616
109269550880538049
109861640981044603
109267357731504212
109585024382910500
110247692092554221
115056
109307645556040828
19819
109363859212338668
33668
14011
40695
110337681696675892
710237
109261344196958590
109295865239739238
109720661568382174
109852442304826316
27372
109310937353156466
109538788700304728
311579
27788
109720549211152878
26935
109308792404436302
109384524306443415
109288109435740549
13928
109680319046053936
201
369
271
348
289
6226
109319912495274438
109698253203992326
109293611015783420
109547519659576058
108192936869211863
11934
109300124513922964
628416
9846
16573
109505434318659995
109299563820298704
312355
110023787999892005
506353
523215
484040
11981
516390
556729
29915
24047
110337289578033453
15315
298451
40869
109924252343392010
110164144992698286
110048618907462409
109862963462858561
109850618640120344
109770137881053644
109741971271962199
29015
109245633204972007
54169
45054
40162
47350
109276905093581219
18356
109742455376741629
109709233132236088
4950
4743
17307
109303891887190807
417600
108194436100899315
109648025000495757
109748732834828175
109478267168685509
6818
25765
109748409298483974
109303752305976797
109447027847515645
109415901966684860
109296462435438645
109367707793132963
24481
109377682743617131
11477
360570
508100
109878138528179524
109321463112454670
126246
315857
109372385732769174
316224
109304004377726866
6517
109427597570068664
109290000079448829
652808
109317747794795461
27879
109291080228973647
506497
109363344042615758
109374802177217678
417637
32521
33603
109743954542018694
125448
113924
33587
42392
108195494192131929
29979
6986
315661
109363396919707248
109683735762912243
417081
109316676657461740
109323904943386056
109305134722664668
109245587407209477
109292171891619350
94093
109291583857133580
653589
109321569994685611
109537120814235921
109677976967062159
446787
446592
448130
796007
68338
109287636817017374
1522
109369718720702057
109295808067603822
109294638651749350
305993
1915
109623356290778657
25202
2022
109286681051467065
109342669097739486
109304084121044265
109331237304872062
24614
109323874508231642
109377197745102604
109265380854977536
109359723321929669
109290936970933127
425222
10228
109364418817359507
298292
109782525722725438
109244023222319814
109293370837440771
109346499865195230
109847314295100868
110171013815719390
109720070744609917
109389231042403473
109389314232502867
109366300186572567
311968
558505
109365102049474595
109290431638834857
7986
109286766787834582
109365706648732425
531932
109841503850483124
109379894777347038
548732
109371591711987179
738517
109343968291988101
443237
109553169059593540
287802
110225558526865540
778720
109231174719202212
110044873917044172
753422
778600
771840
109376172761436751
109441134354102866
109302287290126587
109366608364675874
109288948172598037
43585
35892
109725475597256999
109527641524284340
108558424569105702
108967627048139664
108802630060771339
107846376112444255
68564
99253
109383049483965033
109537498381306748
109471644077590686
109320875620306258
17964
4990
109288230651241507
460625
1094
108487495980994560
107573784686169376
699425
671052
710025
9678
34791
298043
502614
109315760110778326
109404589027371121
109314612905756942
79588
424265
1331
103717
448707
118454
777438
31072
162120
17563
442722
109536121396681677
14711
109687030241781173
2444
109375247092207545
109446016606674819
109427473853913320
109377277751134210
108182641767841516
109375865098813764
17456
109891602534507744
108243259623117816
304540
20157
109286976840301504
10178
363788
109296479564021842
17644
417113
79903
109346173580120733
109349948798043009
109342102364045752
109335419811739360
296836
109372890536743453
18251
109872029384434007
109394558482661991
17189
14335
7885
109362296312202353
109244840997517112
106827271536504081
109355837803765685
13397
109867280088761869
446164
53587
53479
109302668453507984
303815
109726858375030708
109647276158200880
418154
109686777699575788
109310461889427455
109300436440123384
110215467662953801
108194795668054015
109393728741990712
315246
5628
13658
109365826654423136
14338
14116
30664
18631
27313
317541
647463
486093
316553
311200
317865
56305
25654
80268
109303273721796339
109365325654153701
109371215407220096
109245810987340397
109363604223244463
109258984306737632
33527
109822334008817548
109300020656005190
109303493155580840
417239
311574
109022654503645850
442934
110327217443836505
478220
109537085772677841
416786
109326334031686747
109287892891080683
109868792491464007
109290679315442774
13803
109720495621758105
109523761017550031
310741
109594983897651427
109594979896461664
501109
109266222232789737
110070402616837792
306557
109373872623162430
8939
109735452921229902
109823227793171264
109525065240243747
109365285575695038
300430
109358207749574033
109307471847626945
9606
109450348258237980
109292787281153228
14306
32264
21418
109294448605599869
20406
292
109309902688733986
109304707416611082
17511
17535
109274478362643028
109262551990174478
417792
307883
109552973617291336
25176
812337
22723
109375912683057013
108944504842275590
108946265344511059
109043649877821681
108961872230161152
108951950751990843
108945441648183919
568691
311989
109521299043516600
11009
108194573501805075
16948
21421
421193
109309602382838128
25507
109727520265535953
109423142011723804
109721354672313030
109298782618301840
110041359522948822
109371356062319525
109535369486637704
35421
109676083916358018
109392738917324152
109308711786876991
109313785491817732
41927
16242
109309445289452062
448568
33476
30796
22710
5295
32212
109471558172706167
477317
109292976623970278
109366597587040239
110084943400742661
15132
109748606321726896
492826
109386265132868845
795899
109362436384846942
109818399351223908
109536817360735985
109440393643672881
109249371331920468
109363034662445543
33631
109296161913622122
33126
109363280011798549
109318179793933241
34425
41552
32855
32847
39909
28924
34740
109417137323854064
109596304970031486
304825
107361173487440413
39276
5452
109722629431006550
5651
109316769831633734
109321603508074049
417646
110192
109310528839339143
109366260734234207
109309089891283106
109378999805303695
109375283214086741
109553890481672573
109367176350098623
109345248531640206
109300233356800905
28617
109310087160304850
109290568948239003
37135
35061
16980
461102
109291393333402652
304980
109331488131281244
109377323706257345
110277971105048366
109723154718339588
109992363522174763
27400
705112
108916503444123064
110316497630141798
508892
109309725581925461
109422324452170405
110011309358338455
416752
10147
109310652292158601
109329950828829477
109659406706644895
417713
109364969344311094
315171
16590
109305021053368193
109290715416648731
477358
16204
24381
26631
84653
84540
68290
46592
774225
108366547811275470
107772213252203160
107885575216122753
511435
144501
464383
480169
531364
811410
109746745920731182
447876
310121
109679619200554643
1012
109524204882887140
109499731907495040
109433446193997599
109288973296730220
109999592055560456
299201
109537045393526752
109367080651687070
497963
110075816621190087
36573
109375104638206082
109303693560124009
109373213463705772
109300886696722923
109349209637599245
109348366968730164
109311062917763509
109548446914089193
16396
4535
109836276041638220
109290756290664795
109270482012790447
3000
4273
3216
11229
5199
4830
3158
4785
4684
3084
3748
110070025751409427
109326905334358673
138876
109265627029626616
108890260559659166
604354
5564
312344
8258
109532671390124757
109571938726368878
109552898723750765
306117
109289212004697284
3120
109261420495899477
109269767157508826
109727444005851379
1078
109553078364824220
109400119509294568
1443
109319987273045161
109625059919371953
41173
311961
32689
41097
109299104795788885
109283428322615283
38357
109540057223377413
108195885775087661
110314900099058684
110262958809893324
110259972946706025
110249328979221099
110222861367225521
110200862413710827
110184816407307643
7755
109364843067027707
152022
442613
109818990990198294
109300072249077425
109385065666287290
109289021057621664
109537174291257410
109482552771117639
18674
109732485146649507
16885
106739784659851265
109331790605896439
109364618635634819
110071574374056756
109945608475634771
109292853770765895
109371461646529123
109383099464351813
110124922375577773
109369672243526030
109364326036701023
109364299854576420
11840
109348460072294603
109263486103072536
6944
16099
109297883772816214
109292331415938989
109532098479392657
27696
109375336787044371
315479
105652
34986
452712
105572
110287358428600937
109362251018573289
109374076197173833
503788
109320324998576782
109274452270148008
23308
109300056465862893
109371653755712091
109264273351079896
109308004456559586
316579
31025
109302102428425293
109461933672061521
109449058054305486
31634
109302551980273679
39089
3547
30729
2825
109742436163197974
109311254012342997
109311421362324266
109315002333815523
6832
308172
310116
298154
653180
520099
109300287935312966
109417399839980066
110295758932381487
110295643957330699
109365408443738223
109366454286586180
109366865941232480
109315156536778518
31044
47282
109755253820541427
118012
57232
42124
50222
48138
50200
42468
33636
42283
41529
33374
39789
35635
33561
38351
33728
36345
32862
32588
31112
32941
33544
29543
109349637885363299
109349668875248924
11335
44478
432938
109362436418507790
109559314922027853
109362445497260530
109363500380445224
109439230764819108
3388
420579
109802359024365856
110293267034472145
109416957893975495
317251
110292718095682627
109315255736243264
109310204033072666
109307715235290224
109287105077202649
110287986403285813
109366072902310944
109665641862176090
109531937726961841
109413004076665265
110287685067513262
109720574850318120
110275200083069856
109297763107197528
109367267789564069
109720543843432878
109522474047083988
109292512395059771
110277247258209609
7559
109723706971040627
3982
12920
109364348748208791
109401331074226472
109364765852142541
109302628313255102
24590
6683
3910
109363244615793302
19658
8532
272720
109248768136686434
417751
109397242412792353
109292247972385023
109804289806620720
109523046793943633
109959105803160987
109315382226486502
109326904900383449
109370854245976588
447444
109302919129130071
109365496953627857
109364711375087571
314290
110269791144150498
109362788815951154
109441650820630327
75987
109360984699178713
109304841201324577
12302
109292666579850750
109300587119708696
110254955427221559
109999474697771414
110265428990930684
13380
109291340296545704
109341452157149792
109292495889331495
109326176966050104
109298657393358365
20855
109328942044985895
109408641101698376
109408648682246895
109365406709643479
109383335149010891
109382600803101821
109370029659552023
451015
109369915928655737
109366342670555183
109363823548534672
109369172052171334
109367599940121446
109367005471438759
109291476207927918
109293323947719527
15692
109306123322119778
109977643918046366
109426307980940240
109422295855363035
13235
108664379021621136
110259381808890746
108287805649678335
8257
11888
8429
109375294553558847
109315750977351014
109365259356742249
110031142315844265
109980845821757556
23973
311953
8031
108407339800411957
13161
109445414644528479
109590935826776628
110238592687294201
109499034768450486
109302988724890732
109725874064512292
763757
27999
109308907251564306
109288631571752329
109291676066893691
8530
109309672475025757
109487059342641671
109260200749106532
109305978971179103
109300193916955228
109271748362513468
109445848699765621
109393421078300542
109258624285454219
109305788959283144
109488219014938387
11730
108945630865630393
547591
1315
109930716756665455
109315229990994534
109684291092494844
628560
36444
799082
33866
34231
109293584674389219
109304575277558115
109736360909065656
109860889003991351
109748145001405339
109734112953923543
109293773858774011
425536
3683
109507705611088400
109364769785995207
11844
109364345742164545
109631264632027429
109553431455059607
105377
109303827470387413
109740543334634733
526278
109414258411295797
109302610812576176
109344095596298811
109265121124709586
7288
109250971311750190
319921
109290815694816650
109259846305335459
30718
29121
109365237842533873
109389646095133796
11287
109364551525627874
109366088936377198
450445
109367424771806580
446570
109365077419025051
446029
109366907145685799
109374798312567338
109305475651802337
109319647004975067
778801
796160
109896351164569757
110220777265883074
305535
109265384513545083
109376543679829369
109273335446708777
109283626763976371
109273218709187929
109263637750473345
109245594863308431
16370
109362625833027085
109726276179355453
109325644344759159
421593
108193368773601339
109362149567097491
109155411016158718
108193253065527095
109205909023520199
110204689006740765
10407
109800484433298787
109435752733826437
417443
109095647686620878
109304966348147236
109272791652650179
18056
109288306093722405
32249
14956
110199886811317563
109382778553214487
110198293301132651
109364549722037382
109773386876438627
109365380086983826
109661767381036793
109533856982195329
109520684176602851
109372028913384066
109377536019819035
109373149516635666
109381718957866173
109384567681533494
109407170301328344
109292173717227862
110196212018235798
35157
16821
109794564642563600
109630448684133194
30261
109371209772497142
109300604402723763
109390343031512161
109757256111812172
109692460485836264
110187629020650376
109293168645055961
109521462748477657
109304544193177299
109363708584894637
109327775982513521
109367428337466854
109367776565099184
109346018042912585
109343257861125241
304341
109608543481428927
109295746972412553
110184871347658132
109478471546929957
40832
41082
109303883621589921
293327
1360
110179323065105856
109364721988144199
109524820136096867
1046
654087
22701
110174280721377266
110175679796122117
314522
478070
109364845286547155
109343715298903701
110173545138378501
109300984500992761
110170825434375953
110170491473430473
807253
108196887820544879
28457
109275752048444893
723313
588553
480960
652085
109404583283516724
656356
653149
519833
653009
652077
110163657209094990
8266
8056
109316578517794249
109339939569219776
110159001827579129
109363572768712252
109363731001965672
46003
109364342713243353
109364038497215623
110153610687593802
109329954112650867
109331020852990350
109322799166548078
109328979383481203
109323641475820660
109326869478342798
109322962413907191
109325735917080329
109322668148992074
109339342337996013
109463731038183162
109343627928211894
109317065672052194
109367484697043382
429659
304630
110151383819285090
110151023618799531
7277
18393
21771
18074
20393
6823
658414
109305044381699045
106842
16287
20819
13540
109834707646030794
109323055092352903
109293393842188893
109362666119533037
317606
110141603434728746
585190
567296
109585213969898777
108979575994790333
109794323444244958
665254
109452504011176205
109431063511914876
109308984963968676
109265567155906228
109337431434156985
109258366070457698
109290760576608138
109290717658533217
36244
109308600456072021
22490
109746211742669167
423122
661298
28991
109383461361090378
98170
109290131142696519
110135478721558762
69081
109401062829147729
306934
310168
480369
110100786451349686
751217
491701
30354
6512
10277
110134159591753878
109391237309226526
110133889917276169
109655820491607546
315239
9550
446733
110124282587850342
109888226192932424
109391881069120640
109363359905234651
110127653232308467
110130069401494419
110128632106586228
424380
76602
32574
110125194506810637
109376991289617037
110122831852183413
109527823556150047
109332468972423633
110119386650060702
109276029999264210
109309065391991291
665811
15133
109375415272280367
29809
109381939692441589
109376747993239158
109375981935747563
109375897941584200
109915979740234890
286211
109775309765060675
306977
26836
12695
967
112274
3309
18839
28538
109319918475679554
3712
109300906446264286
109249126544448304
110108652242503288
37375
109681717818780710
42280
18410
109938416390757508
110107261709473190
