109297632006154533
110343931743718261
110272895043994019
108193306112941221
110100084257029828
109299745500085421
110101526985318473
109315865957969872
110125243240088972
109274235183771995
109841079727551576
109267470954901197
108194476340205814
109261208180781024
109299146321761977
109296613077513548
110080428550167385
108209808658027738
107910289317105396
109873803787860007
109280503219013712
109300299013232435
108195747906365225
109297977750954473
109297510506783914
109276615154047068
181976
109298890495430709
109278417459438867
109264029970201473
110316333616416337
109842604315807876
110195930552028010
109297443097235240
109276350184452794
48719
109297772401290380
108192902843005788
110203472458921791
109297914130677921
109298561550976689
109253008987141942
109283774513814545
108204512867239047
77708
108210258607063777
108199392524867207
109324293272251876
109291716798947948
109244776474989507
109030543619141051
109297985641551321
110199443053518105
108199329307477880
109295707990128111
109296541491483810
109245869671953947
69293
69601
109286577925821303
109262945596407393
108193140522504731
110429124753824070
109276171346221722
109270245641612573
110104332487069779
109267077858967610
43741
110390532339083418
109902236772873975
205302
109498031909308514
109507772093384510
109270488509039014
109282756579496635
109298448755902191
109373542473113012
109299144622669548
109284495027966598
109300275004409562
212648
212616
212625
212629
212610
212621
212615
212622
212612
212619
109299378799830431
109282085270731635
110459091905447851
109270403763283671
109247492923825918
109253997933407736
110384863578690642
108193601475805961
108195206593034058
108198522390646579
109295992346848592
109285182964864505
110097561995813356
110035945444369718
109954376327293051
109284504767625866
110183017603111291
109265543845617737
108194588390551680
109298043344381800
109297010526408850
108160459105186826
108199107040579173
110200940523001472
65280
109296990110181789
109300385092579904
109256582067904867
109296188919102018
109295074641632911
109263774610286845
109247636760973066
108204730935338410
164056
108210668582156505
108193502727669902
109260311493283653
110428180827656563
109296728610491459
108195357756499308
10435
109275977342229689
109296484548690808
109298666830885622
108220254597796344
109296105469748821
109298198070349692
108193487971868926
109297251858995817
109509535743339454
110425138754231776
83436
110260336014007314
110196540882270710
110191302131178546
109256491219422010
109268289158642082
109261433866708489
108194621358679406
108199791606484854
110469444525354989
108217819927062792
109295928404829448
109296984472046130
109297516797553644
109285811991466554
145900
110154008243829166
109296466524295458
109894018546647369
109852275231754815
108266748534317667
109297127580201533
109273711243010251
163749
109298029482803849
109263020866706077
110219983862677539
110116906447484734
196322
154743
109692538792739633
109277200643322942
109267386891883515
109264597593005040
149842
109330690424197076
109262640558104526
108193552715912206
109263180529847122
109262381740473326
109267497354705650
22201
110389090527815095
108199477038810214
109297425478407557
134527
109269015929968992
109300753017224270
109256028377241354
109261077914805854
109296907152886829
109269166535540057
109329874347398808
109284170811750341
109313188394646247
109553240797239517
109267950818442466
107780927046707771
109836956296569130
109843827668028701
109278416815580304
108193820000546603
108204293767846666
109260269754045868
109300519981842902
109300798066244736
108193935565773566
108193788820935125
108193719103285614
108197622284153806
108193388693430586
108195225215302231
109276295910757645
109274591519210384
133698
110191986068182969
109295882527377999
106295276749015860
19861
107874596503628857
75354
106119073982297680
106297193551986477
106297183985957330
106296017054087263
106258715187034142
109284114518014744
108193034089183518
109297902247409419
110323709626223359
109910059776228101
108198705405848013
109851380870242822
55089
108290079855879840
108777809470530710
109512608057412446
213583
109295056269621852
109256474727604301
108192653118402912
108206229478291030
108194786126254863
108200005890332791
107185343466638621
107564238177892171
203035
178508
130170
139675
108205246964977467
109299784079361127
109270699163934146
109298690407524303
109307572213501949
109280287283923833
108194161447736440
110461310484453941
110436586362604464
110458757816501478
110453692293892664
109258853062077861
109838894774921745
108550328230021136
109270746814549954
108234977846003553
109907860971514306
109262464528925451
110254283515775510
109015522128015207
107541196047841871
108249248453695408
109296726493813517
109992728827748067
109279774822704133
108217721218287444
108197574414209316
108193473798295362
109279621397511293
109286812145217444
108214861991003941
110323661018825630
108206270052911427
108202754545046084
109993534222966954
109265108245825225
108195924938216053
108194099448364047
110383590322984346
110090094806217595
110141412126836786
110105366722869480
9756
108194885289460137
108193886505872399
108195780103443247
109295902418733407
197645
109296450000959391
109298540573066788
109296426350971478
158704
109279655437726332
109296746449191704
109296066295776817
108130721119190161
109286476634590710
109280318023884455
109270857682514707
110209853819977632
110186984617845837
109303899312519699
109517896655227418
109162501823334121
108200272866643199
109939084573188406
123522
109299154088631335
109258480682044182
136590
109295402872239993
109295597870268677
109250953215648197
109247143282594231
109299206823296256
108103593342360066
109144866192147614
109299258510027286
109514173906502316
196395
137046
108196967573627296
107427941333699172
108212746320752988
109245834694454061
109295900189810825
165929
109267897383358838
109275990971619987
109286415092093750
109276450720355964
151478
109283533371225367
109286392495922599
108195409721603779
110107550058590204
108193019503076370
108221461690399175
108197197282831536
109267501639338651
109257463571296972
109262300209590031
109267099585236001
109296343812403565
109274803388386359
108210585324916640
109297647452966845
110247342383914250
110006722211489423
109493569045264390
108247844080121612
109258946977071427
108199597036595882
109277817052785081
109246441400747456
109269135811370867
109296372895651007
109273975742163543
109256756168570724
110292684524834940
110242620489640293
109296845599454671
109262515958520529
110034723761374544
109276348881109741
109881465080376334
109295812244857160
109265536449658978
109262147489417184
109264911582927110
109273415510987733
108202375411666369
109296725975174125
109285632558250322
109258899399303677
109296714695219583
109295490631578784
109240926055596419
109852332345080218
86615
171549
109278986649961029
108215345246237538
108210329099308446
108205349555368907
108202933013121626
208592
152717
108210900016048430
108193823278022824
108198787094408808
108194649565152871
110305353057225609
109295123757597229
108272106573442682
108202496480191197
168565
108200095291060366
108199804826770831
108199612873234788
108201884332506894
110467334870003476
110469293381927273
110467113615054578
109252088914250070
108209363629719360
109298099042425002
123030
109274951936648928
109295726379450085
109273058067578273
109283725803658342
108203741505737742
109930016483685029
107571026326070714
109241403804864951
109746445693248874
110471800591686156
110149455425538839
108194544871764472
109427299411078384
109298148911331383
109977589872224033
110277031694044583
110424144676915947
109296314017999455
110135420393776504
109265568348439383
109827916007850154
109265776869496090
109268394928873868
109300271531544972
109299936019340275
109273679085091927
109298236170389334
109953729110925916
109296638827909084
108202557894814983
109271803624435381
108202193194371877
109298556681685470
108224866269950797
108214543789195928
117879
110040951940305208
110028447198739922
108304810123353036
108269418927868765
104132
110055135763682795
108276398961571275
108193397027565388
108170625937946382
109284848766018954
109296548832380921
109240769419759267
15630
110333617932412692
109261659317842207
60136
80913
108199029383716249
109246583406668053
110383808786118582
109280392546916516
109298016567851395
109295526216265403
108194516635977610
108198747368004772
109256008603829991
109276457438501111
109295950701191473
109279803810634373
108193637124612441
110195361386059747
80547
108299702307032348
109298007829545026
110434208665619993
108202429259984328
169081
109274942208744126
109295843963227341
46672
151056
62785
23831
42277
109297446714974178
109261600377924781
109285701339866968
84867
109297258411199047
109300403736477349
167631
204713
108208777550671772
8994
109275683853823289
109264844959799282
109286956571841322
109259744192512962
108200078506779774
108193110008430458
108192805045649901
109335929155605952
186671
110313930812195014
110293403336574730
108225890644046101
109282096864552133
109280843882664316
108205993732335145
109274737019027339
108195440265495188
110102627047558325
109273797783783695
109298229620052719
109263516977390366
109267597849257122
109247698992342895
109269373954666317
109264250427814936
109269824510612902
61602
109267433442429554
109270701983252534
109296690564304249
109266736218869026
108194398847160602
109282456274998217
109280377177292867
108221752142401150
109297814264317641
153346
110303182379335318
109262059094182500
109273499307589444
109297910545234923
109295973942964067
108211362712688307
109281856927070224
106971306601719124
108202397790265665
109274405247034775
109294971516550028
109267583146757908
109299394749294361
109281270247799790
109295786491952540
109295230002962802
185146
109297968015943484
109364801786863562
109263524154640070
107429810382466894
109299681187587116
110044111305534002
109286858919550108
109279818829958882
109298606905622081
176328
108194054055643168
109275758941604670
108270435918181967
109261965414545200
109265078461580471
109295624716068465
109286980992790319
109295022157246081
108195120864858198
109300791040101028
78951
109298039457180052
109298411262712139
108680262482473968
108205648201767078
109296066257492840
109260372442009465
109279500892779814
109285404516961061
211693
109278926958029044
110418305028955804
108195349335944180
109295456311244926
108237106666458449
109266604603104334
109297823361619907
109296822249482783
216350
108208787538016028
109262408983399302
110419044135148103
109295047772066401
109296699591372048
9749
109297664835486911
108247780075303487
108207970654177247
109263724381955467
108337076599142287
108207745972746128
109245789691897591
109295483639501639
108212789589893422
109881902364526893
108199128996835374
109298986817206778
109271748807547847
109300355343424719
108233510397689019
109971317676310658
110357368898762291
109841683165462655
109294971529248036
109297538099176721
108245344598179414
109296940994548657
110176156219507191
109271395894946833
109273704939060336
109262583209813982
109262109381827725
56754
82881
109297404714601000
108199753438497687
110242081251953789
110241523927586196
110241509606583106
110190887335804023
110186087997062560
110185952453210047
54707
108210908855497217
109297981486264036
109265904633269206
109267691833643349
109295888329114986
109259339236294599
109262081849099894
108193299619482749
109315388691224774
109268191910938991
109297662506438672
109264395949335911
108199098375519473
109299153957890897
109053266681696934
108205695545773845
110040862155547534
109263476444170331
109264705677512249
109263715909223307
109297648500423451
109295186313198928
109264217155108477
110439341316704666
110209818413389056
108223948689794056
109285024579616704
109277927349683391
57213
109297818801860788
109271479648100794
108194890532375028
108203865936943889
172853
110421555958364965
110266168859345789
109121800068247251
109277438871055201
109986880627753989
109295825732232359
109266238643996517
109092155119731641
109262249628482229
109300346794254761
110052648307143807
109281666187484204
110195662341464757
109838577982543849
108184832934992821
135292
109299154415169753
109278201028195938
109263927937309728
150743
83875
40245
136470
135459
135296
110274644150630834
109295873991337117
109267064505641242
109300248868348467
109295013908984999
109262890868254123
109268021785390149
109271848399528132
109299054222477777
110431977392700199
110219155784909894
108195192538322188
108200044011434246
109300770003203451
108206756452387240
109497349148605037
173204
108194731764215820
108194643213820802
107084448517483213
109296189783583666
108202381967709649
109255584987107632
109267299263925749
110382739360299041
110451660939921654
108194905494908263
109270219945965497
109283200888630310
109271036209780347
109274208772551580
109264090809461563
109299373757705556
109263452674025329
169634
109295510056074488
109281544368857562
109286930194087961
110376857974533000
108200994732058762
110093744365078429
108139105001893099
108201032336746233
109299688885924899
109291294445812772
109299487206201510
109260556846319189
108195654137688397
109297335460630521
109264769545441661
109285402217348068
109299236501705385
109282137022381743
109259120880301570
109264777522754168
109270187752546639
109295895134353517
109285915595068123
109261077081523760
108199983729950269
109260825703740446
185673
109274217824819694
110028110241866588
108200988457008908
108205676999140322
109298185928165179
110123251352458806
108208902326905264
109987756564816781
109275645378193071
110321605434476970
108193807593374985
110436814805112729
109298570754436136
55662
109387
109324149184126598
109303344452862758
109298190203159625
109285097415448791
108195273379209163
109338060814458886
109276692348188148
108193228709366275
109941468848744733
109936165415617045
109262453213495467
109286923290460071
109298868430402114
109259042133603848
109300096393655860
215802
109313545912668033
183221
109342832662575463
109264483928294408
108201549837057921
110271205175641403
109269947393445274
109917521688235697
109280438884561795
109269116809399322
109263888438895367
109275758050518839
109299160469990775
109987730888472843
106795852222150249
109299450454552017
108198627680490170
110204357561577138
108194610724055240
45633
215671
211714
108203743389272769
109297611943752549
109285808535953376
106300570944103080
109268947815564376
109296856104589556
109297138367212093
60346
108210415502161961
108193637692200816
109870071836892948
110185925378588766
89090
108204993675244770
110366133755861383
110333378541801002
109520699422778769
109265384162516338
109261240226341489
109300746596557946
109281194223398578
109257995840442014
110159104693004329
109296454184559033
109277725917085216
109298708532804594
108280618291990304
109295440227668803
108194356314030631
109243596667446904
108194276474355559
109263546385083121
182177
108195143764212802
109837455226610257
108206823559115646
109298968439672207
109299070907721515
110040111525520457
107844294191803875
110467994393187502
109525884926603903
109436751327496607
109409516839819198
109293164537684823
109368039313890656
109367319892726241
109365335203382481
109362538796205794
109320859879781752
109314192838009838
109304559160293899
109304131719600648
109296846742456547
109295650292742919
109289705759168164
109294689278558131
109294275255554305
109294258536805311
109293503801518244
109293434959722611
109293310883229750
109293193187152259
109289787817368250
109520940316618862
110423774936165832
119387
110204567265268287
109521163674985603
109280548804674746
109521212221186848
109300714536040580
109276158131316713
109297794936879270
109280989277656667
109280495331940028
108209947371779352
109274686761957991
108193542409650234
108195310657471863
109299161739123740
108193356922631694
108195298270880315
109921484827912595
108193237308250992
108196182916247693
109271396134031723
108206522185254638
108203466496952411
108210538178891560
109251896302378999
110426196944365055
109270823466492428
109267745620333339
109273599307381402
110471868472488344
109285817114807253
109268636627492255
109262611784185092
109296963811518780
109265071963053165
109261741407382313
109300767739076536
110328085441554702
109831326607639728
109300814127607728
124537
110232149848907599
107561532592214644
79777
106111718501817471
106088274168935804
148300
109300134251093218
88006
109297338774125350
108203300452152493
108193687542876503
108194462677924797
109237888651038653
109296458454514089
109267849156268407
109300722984390548
109280795440952727
110040355899948758
109262472262204095
109286942382210665
109298518057312967
109856920776936238
168244
109500743995499282
109296024980177368
109300786428493612
109260791930829160
179564
178901
172989
109283274632644314
109286853102630921
110435689958155193
109299927464428018
108193918783036842
108204047895952515
109277324867807370
108209949030874316
108209476282915652
33409
108092631150351103
156111
52225
74084
109502147114279183
108194446434565736
109298531650755018
109502060203538676
109277281744411055
109260937716504028
109269808756498488
109277273428258012
109257810622310833
108201460274657966
109271017273290481
109300874238252132
109263540562402829
109266981883762301
109220101443806284
110135950751795458
109257769766576397
107993494542991393
109275014600769202
109299222824808817
109511621910665274
109300638637944987
109497328378075890
109299201709324367
109497514684439207
109497038263497491
108195207468936876
109286896675157946
109292349335937231
109296929716900993
109269764449141443
108199065926790138
109407804021199468
109272866294381657
109287773641412404
109286977760359045
108209655585038889
108201222359150344
110063661658042519
108201025395750756
109269484348215088
108194559383619700
109281780316544002
108193575202135859
109260855404160402
108205681456133331
109497682838182508
106261553930653922
109501350305066758
109053054559081518
108218718439107582
107274699128213967
109925029747007214
109265775473720792
109269418849307886
109242661578136278
108199560729242104
109269400055088739
108196075652341129
108202323899745926
109257682972780427
109262550643164718
109300524493643614
110374602047112748
109296829310800422
109297374396361647
108218236395052872
109281354267122016
109520790321085755
110421946395587478
108194971061098490
109300816140559391
109258817008604722
109244654623596421
108205273089734009
108208730736726955
109393386652915122
109265647560529814
109348166572262100
109348040387393391
109347845140138794
109285637092959606
109295098175412916
108496396935707894
109281255405362139
109281497088574054
109263512185317696
109298987503609247
108193169134116600
109266256361127387
109262749773275083
109977214372002757
109260276227801235
109271415038244183
109297489562497616
109297391013625215
109299968386083489
109278196720042842
108193855247233876
109265755568363360
109576340014962082
108209491746879900
108194265030946819
108201003203721917
109285381615586587
109298078658887369
109283401822336969
109271816310768917
108223001431169918
109298298963229063
109262904953665866
109297876058981546
109295703057889526
109286513376384693
109297289418766546
109275818283103953
109300712501360170
109296728741290996
108197808986807699
109264578221169895
109280079743204274
109281516822603239
109263461781179196
84342
110136179898984350
149765
109245545345783280
109281550542942133
110471675506192243
108196436795080115
109271932333945699
109275427993946743
35028
109831594924719282
108194906281090874
110198777467811096
109270445015002865
109270488119857057
109299648664420537
109265947001292267
108200400190723941
109279735788044329
109276376917851354
109261422813156236
109264295337404523
109336626403413422
172991
46593
109298181003664332
49808
109269170962530620
109284325875336170
108385655840528204
125408
110175554186796798
109252000746456849
110157562803852418
109274398770870461
110171759559103616
108317085410371669
108237109971996655
108648844566036855
109300657155640669
109274945280846807
109271678007185773
109490463598657159
109296421130882004
109296081432191026
109300607070248778
109272071294898704
109297165607852921
108200141866652620
109264806068314813
108194511813399383
109286870882784677
108195069210207526
109273762004227859
108194977564496759
109286244633527755
109270352723741116
108200673525083863
108193967516743473
109268768615203874
109295815689857010
109295121141372043
72
109272887898230416
108196818752313622
109285765594147280
109279983203164500
109457542860812867
108192755178707696
109300907048792925
109281847439157710
109318938532669037
109322537726700349
109300805619079586
108205493818728398
108194995016456378
109295827292344626
108212458190186479
109264362374776148
109296487188109337
109552294011595005
73976
200634
108209097206636993
109298635021191220
211792
109114133603662534
108193846758326265
109299124853540981
109270606656289351
109838306921095902
109267180651925597
110092413855692324
176525
108216123091775978
109283428001667573
184648
109285895784396874
109300511665628877
108193765356231912
108195125763972350
109299274154688464
109300831293589972
109269231058013853
108199988717942781
108193939415049408
109265460253558581
109264103652278553
110173512547271884
109277550124255378
109950417967476157
109263339865192958
109266977368030183
109299060903023328
92835
142413
109271219227419828
108194290433051104
109274969591679873
109263462319602169
110220922394550958
109252576707065414
109297353108446421
108652341477790824
109246718968040325
109265981383143851
109299411151928692
109264570425349698
109297103131786035
108194782732186474
110108504825632567
109296244399769569
109841315204718696
108196980549227558
109296514319499005
60959
109264119590787643
109299977197031638
109297114959010797
109283008980606361
108216384570668371
109266865784790550
155858
108229487281448652
108194245978163515
109286740948113203
109279737749858856
175640
109899188577726790
108195641946326454
110352690665040405
109275932924408255
109247333139041715
109263178898717953
109299388834093897
109281843268611779
109242974726821656
109496243697733980
109264958880966770
109300510944265510
109298380933622242
109286488736219228
109261480484353343
109300656890395683
109300926908689622
108193976463553456
109286315391651149
108205292657136283
109299138072512189
108195508099713883
109268593298460196
109297979023296616
109283441489398269
109263961761617542
108752536569318396
109262597752210479
109273612079919081
109264767991150017
109263759898898989
110208847521408634
108277903315752201
109271812073878781
195813
109269670248939738
109299787304150845
108165127653237098
109116801463757107
109296968532879540
109862107936211956
109260733930001375
109325204327377935
109274079868241351
109268503912683669
109295089444881074
109268714412218680
108208565527311672
108215434062122568
109299223947003134
109246355520106850
109299056366342155
109296016213094111
60285
109300587272534837
108194280092461813
108209574170041392
109270600657680243
110251527240063833
109299133945535249
109298525492334687
109268627017614512
110405955398603262
108193004912279604
170707
110017176699168861
110226387253355331
109286549732212319
109264231295991109
109880131849642910
109268055183001710
109269573433800673
109262563166701441
109848431994262189
109511280923501299
106275466052038560
109044698138476760
110030420714384614
109252307754766350
150863
109265590931249039
109827334313539535
109276982277864824
110138942418848169
109297710781011725
110245107536266178
109842801633046362
108234839004710454
108215260618891635
109299694897026454
109899845367352639
109298568546336119
109979946598217996
109871966979769632
107884716828434588
83568
109286069937887260
109285785466666884
109262123866723723
108200484990006880
109256404170263055
108195176454024135
109271843472635002
106075044140016412
110221379983582913
109300154737164035
108194471551693478
108409880484638639
137265
177810
108267094856658699
106934063678714025
72962
107600257279553479
109517379838330664
109313822128598084
109298233666229378
109299503793643097
108193529047547510
110098798562344664
109265567607782740
109264194395207867
109270847410296432
109261262456939943
108187589890437834
109299493644986156
109298534959139932
109274205395378799
109915866009618050
107146575835686888
109298068780901886
109300494725640551
109299123441270018
109297882017546156
109263140672963926
109300333242512389
136553
108195500251991709
109264001554082740
108299168401135056
108195563483490131
109264404813660992
107201137583535433
28211
110420639639519604
135301
109300526008712318
109873603795867170
109300181273971321
109260784666667663
109257948182125767
109297434937305000
109264114529666799
110101740108699842
109280472633147331
109299572180030036
109297587787284537
109296617428917296
109299848377076036
109297123299076076
109286903544536979
109276402822166683
109838845834357015
109298148614056254
107156071137276530
109299529139683106
109297538553070282
109247480595868821
109261797442239726
109256118830654088
109498625061682710
109263526986820793
109270528492563221
109283289058478795
109247256583157213
108194948068490956
109364085406876357
108204229442465159
109299561981273983
109297536402491033
109286892994148010
110040091391589172
109274514913824789
108198321985141420
109297420409586994
109265770717896535
108356389311221089
109295574712692878
107817813669016340
109246663510975583
109282056905251372
109272471103723389
108193550330887676
109246447538045323
180745
109261676192858599
108195895884656833
29142
166536
169891
109297992485481697
109520955365707816
109266376718238787
130597
109880356877553698
109268645121277210
109275153201151118
109297985563919628
109297017606537708
108197281467394733
110015886460432012
109257461813490860
109295347752095948
109299747656446459
109505496058132493
109296263716933994
108197697299358535
109267347403944130
109262273698063799
108195321330515284
109284104573725803
108195603045148931
108193064498055464
108195389674664587
110004075404168527
109252988752343820
108216241930415006
109269820832887359
109831082796450041
110344789351639217
108194181227024579
109263337106760786
48124
96932
135413
46737
109274908804438009
109296879977546024
109857498233750627
107447251699412321
107579847726173583
107434417601238534
202669
109899042457486890
109285424637271675
146199
109279233780867379
146126
108195706285118303
109257497061847670
109234830631642554
118317
110079602719600770
39443
108194632214798926
109252217735894203
109019482354523939
108499789516472345
108217447753266190
108211822304910705
108209522367070415
108201128330876761
108171423993790356
148022
107762046803147615
81204
132971
62563
204310
191457
164739
43770
103324
74583
100911
65270
74720
178088
181439
188998
149360
9130
16436
126824
109286869675371197
108233621214359650
110157337261488416
109831583345307593
108766205041631979
109281656118041393
109296920543979154
108201268870394920
109297269105196282
109297293129047893
109249969555396554
110074756935905846
108195261912772700
110124498723136502
109260380565227572
110397324441603082
109270132544930572
109276321887641364
109298262449723142
109296155573155425
204071
109298967991503494
109506103565773794
108199837138716382
108200068927749319
108432337767345015
109240890535400600
109299767174664221
109295828176651981
108202388524344008
108205241748063861
109270408173800010
109270716083889845
109299045700454667
158618
110156748488571434
109286070641184439
109258083818813501
109251136520743154
152806
217276
108194861104443259
108199622841120852
108211167528006649
108199235994940095
109260069480644648
109298985191913171
109298006087917216
109298521897754687
109269415869017734
109507012633138868
109296018385063790
109298267150161133
109261401220953341
109250654079223537
109262760214893369
109309510691991262
108199099175239071
108192804981300966
109260810948515601
109261912751567998
109246811672040013
109297863306173757
109286776548823637
109298141492725773
109503541679943779
109295760704701624
109270171340436986
109503076221073538
108192735184958103
108193040057769330
109300445867276748
109297412265170891
110460292271927083
110027602378673890
109276635410075782
109264000451098075
109300822513646519
108211697956727102
109263326120467347
109263080373482086
109283346673719944
110035201610027727
108203513081476872
109296446019038957
109521059393150602
109286124146209230
109262879907887755
109276416614411700
109291318437021865
109267809313762160
108197806238906636
109262336813222179
109269295299085783
108194603588705912
109954508653445176
109961122858025070
108155124711150897
109281937538478365
179197
110244205981052765
109295795894188479
109297792238052634
108195826088971458
108212667369828370
109501732034167501
109266237948456851
108193570952010601
109260266509085591
108195106655321706
109300043232949334
109297319585261626
86081
68481
99133
55548
109105823909813876
109988482185864751
54861
47843
108222224353705558
109244784831237267
109262747882342594
109263029903325023
109273187646563127
109263938550077626
109264261882982137
109259428465617461
109259854335267851
110047283811972690
109275138023276240
108211725289695556
109300627269604154
18443
212342
108211309030220681
109263698127181448
109840719980834084
109264707280457668
109263722114991229
128906
109295482829511618
108231726242863265
109298053504101060
109297511880701302
109298128405067579
109296294820077869
109281269508865493
109297993757453133
109264354439647582
109296493023158350
109300313557999755
108215644924447366
109297866778330424
108203175064835807
108202244471998103
109262915254790206
109299797911463373
109268605548095020
109260409367635859
109891357626914281
109285993996758881
109273590672303292
109261247911522095
109265280019344408
109267764179431663
109265311155752082
109273763563875181
109299344409287691
110151541465147076
108200301751966844
109491914586849833
109285818324176358
108199675209314885
109295155032318615
109280385120891803
109927741452805204
109295936525890017
107437366138202870
108195034099535411
109285629349233323
109299708178169333
109296555446376018
115591
118751
43835
109317581439478034
109309256895658384
109324357085325560
109286978434783961
109285132226567852
195133
196766
110107606362920165
109473827217928678
109296873325043205
109275999778759169
108206085597026672
108204477710222628
108203348996321415
108199950809604806
109297219659738781
109276086136569873
109303502958035532
109297885245370088
109297122738628244
108202503384866835
109297662434339191
109296664114171315
109296797525628730
16228
109285067835878893
108209705013896531
109267753197097624
108193448846056707
108199632853545400
109270108825678936
109295967388263084
109270739141989462
110340605158196872
109297107710127365
109283790950254855
109298692399869383
109327710137902250
109298024886426987
109276564665387608
109297482760911147
109298278838110983
109297144099218113
34996
110048825644862828
109910451999228873
109046604613725705
108210136890737143
109984794342756201
108200069181042255
109298551036285268
109300359702275892
109337942807065413
109243586079052404
109297317657144778
109513510247030775
109263716141247271
109280158254632754
108156543906882533
109295493719357828
109111495052690193
109300312014151993
109989673100750121
108194650293008626
109295539254864380
16084
109247209228602661
108199394734791723
109297834276892520
109273123640942166
108208685328079939
108200607569644189
108203616410379839
108203222718897975
108199936634113597
108200698846289238
108200386971058242
108200202571048733
108200154606725654
108200257114933081
108199847593753221
108199999211311712
108199741078665165
108199594909734433
108199511287096023
108199593530349712
108199503909980939
108193589404157671
109297994388605899
109296759567902511
108208241397338541
108215133491962730
108119587129775516
109263475648238396
109267500159680134
109263640094379549
109270895045798636
109270759626163821
109268274821642887
109270664527287224
109242025983633841
109264188495899295
109272856496562292
109262528914184163
109262415315594414
109263393846642425
110441298127955198
109274816692635349
109937996072757966
109876284362063377
109260709283425475
109296406480973575
109276154135184800
109295621488247024
108199607490494651
109295579542063830
109279190476420476
109282761509444086
109264268618733522
109262354639301464
108200074062611042
108193428351680175
109267393258888742
109297132477982446
109282795936417722
109497347612264543
108208610861884079
109269146487436084
108194101946241185
108206374331404266
108396647624809899
109034910007667871
109275178567134462
110036069095275342
109295297053732389
109262888089080280
109298135118611141
109298561355257708
108202679409918182
109245627757398072
107130408295675182
109298401996082860
188240
109295285704693252
108158773626975712
109262709501645475
109264698770497490
109275984928440124
109265762153879362
109244414912839697
109268829497787273
109243538366036816
107141072794673878
109282381551698045
109298012202229780
109517474133454803
109280498316326298
109286450030925092
109269235546589136
109299498354862950
109264725507609448
109297182886583788
109277529442784737
109295764644732768
109246803359929832
109299415563004552
109297258404351506
109280567109819931
108194322572696470
109263785701936077
109264207641107834
108209190051282176
110214854326210149
10360
108208923736346047
108182291482753222
108277349751430735
108277299009278823
108246629692479632
108208885593117063
134709
108444887914001664
197929
109310049547676363
109262918400683792
108205922211112210
108356160079988947
108209836589473306
109272377334464135
109268663817788127
109300773073990262
109267909194261472
109298056050923573
109264044897193791
109295364037434115
109297857800049819
109295658673901922
109250527918499196
109300057279427807
75923
109297465604498415
109298091573988867
109298067028706142
109296815641387023
161718
109247688997112621
167020
109297949175558008
108205785311259324
109298549819983919
131007
121444
108196581061823326
108195775404031226
103028
108215617243777957
108119828084099509
210713
108276714908679729
108244198899609926
108277712275165926
53687
108209366533725825
108269327541031165
109282516498249630
109281817857314409
106737366203897665
108204388768242267
108194826447322747
109280580241074001
107371468562772538
107517786245008831
108646614478917746
108269276793458548
108173485756969585
108035392726480717
107987237396051985
108271900390608483
109247418189143144
109286070636687052
108196973808753403
47298
109297260225316007
109295765226413989
108195300613284104
108193725441581908
109264031893029046
109211739178748950
108214382300866673
185758
107233546596869651
106873565948204956
110419202278865524
109263505181963741
108787614952302575
109295573918760069
109281488900157291
109297135166339515
110167797756879312
108405438431455997
149940
108200543867638539
109299205654120689
108214469412578461
109276701463504373
108208559641713632
109276753892295450
109275198758375947
109509222015377988
110467717894877035
109511215492691590
110198102511459944
109295397861670726
109913154835386217
109858038813286244
109840417830780327
109298389768246855
109285814467960617
109262812441746504
109262360690559139
145042
31139
147944
109246234118868215
109295632156868945
44012
107970574724601623
109520681672201951
109299371037410521
109300561791157502
109296718225318074
109246402360203199
201813
109270597511642870
109296114262962331
109242392682829444
109299298585693640
109285148739779320
109274929136550974
62918
108206374026632615
109298988197537984
109282482059079879
109299085415503599
109296846664319221
109264948138327203
109264015307054707
129075
109702455672477168
109699071860188503
109266684565013523
107167017969843408
108267403378723719
108281425857235941
164107
107087317934894589
109262750504940650
108221082945556637
109932535128607550
108202057297290104
107995283837106212
109295888851755784
109286271261837947
110204204046034907
109298468780183147
109655028926918408
109260425354069460
109268385082281619
108203445348438768
107138521146842268
108270589191788428
108208039866318811
109270671244531968
109270485589516448
109274103524407696
109280953659245988
109297272202015015
109297159633545241
108194618150675590
109296401528611355
109298879330357622
108194089304819937
109296793540665033
110040071887669528
109298725289055044
109889882111757411
109276493303700384
109298336948075673
109495460992389690
109298295098954148
108199490806703476
109297025183484007
109265060457576281
109263342203136076
109273272365273830
109295620136626403
109279834810047755
109262612683872207
109263374948926114
109262255310647071
109263623008096914
89952
108205261884279529
109295889405765740
109263337146506221
109260777570852273
108201140637831717
108197672783416888
108203136312418651
110176245690919902
110110798171475639
109273944483692922
109268437433527921
109299496215612153
109502022064849956
109296658168514115
108203380007534186
109880305495067643
109944908893820668
109244523839022652
109296595070977629
109244809924366975
108199968720229300
108200142810810932
109286174779414542
109297954384907102
110131728659924219
110122559349279767
109300555655747124
108201697231367183
110458708607066360
109243651270455882
109286579251902930
109296329847299780
109273284717327585
109898864561815996
109268873524101743
109269804380751624
109268345902643215
108193579738564382
109295573687463509
108210118829234347
108209949121690894
108280937222917657
108213093197002703
108208497361406617
108210141655332242
108227076988564343
109295198480752591
108227597313264678
108224761412036895
109270323923963213
109300489576089179
109296176006484329
109284026341704092
109934958008169646
109497488792737773
109299433183159600
108196015918967737
109299431449197549
109300150762973956
109299090736072031
109299438213921528
109296834944609347
109299718739259855
107520163062067985
108199952714533873
109299479273396677
109299357539771685
108154826772130187
146846
109263104958351982
109248410006579330
109272194306928281
109282507670189746
108202697911381362
109268704419021191
109268543602632859
109274065372057398
109296784987676629
109263071256583393
109300518482489256
109264956117514054
109281835215528296
109270465509412593
109284832820490980
109271744573350468
106997799311194305
128784
128777
109281138389297631
107577023854426733
106746307839025125
128824
109283469520850251
109263839406628456
109977563416261975
64278
195965
109277313643886207
109135308586199199
109244074337266016
109296690780203595
109295231683485684
109280713703409048
108193618837783301
108203503757893265
108195551879555546
109241560015426299
109297276642108290
109274060994515698
109270287876073731
109259530755941133
108321430050423260
109285247647610977
109261099227275207
109870098524236251
109246591833310099
109260661806688551
109269375804512939
109297476195832749
109295932750074507
108199448996933588
109295013494213489
109281864495935946
108205299321925555
109843078405635749
109296912279240795
109296629157487313
108202192776700675
109967423137019447
109297325098524912
109296161964725505
108199567177902430
110235087395865638
110421993354975178
109274535712164806
91693
109296465322358349
109271073367636699
109300338755504356
109286337967474123
108797388489159490
109519648569422451
109851496376535445
109077158990661814
109256839742294382
109296732846610021
109298206623150942
109298405487544537
108194769834513417
108204435614627695
188121
110021077933621179
156934
108194949205306449
109865160098614080
159153
108555977487383157
107192766851882314
107026973094558490
109283834798286886
109269212481801416
164093
176963
109273994623950897
108195270870320024
109299124414869338
109295282155962881
109298824382260213
109299023262728100
109315775866865532
109296389140346999
109246652581846653
109296625931528327
109296572305867770
109274412546819231
109284105093718445
109265836007668227
183635
108193791760010944
109297412651484769
109247308770304893
109299840397706404
170389
108241744334244299
108199485400232109
109245070449691472
108202671404709779
109262899005628302
109295411964454056
109297569601206645
109263325126657882
109297235199646991
216307
108208852226179569
109350193711315749
109261935896874560
109284260185483537
108601836387355065
108199632546678532
109532696218485730
107790699089410406
215729
108213605550408113
108193988838502711
128572
110220721158455074
106213296992644233
110089342721064559
109262771996582330
109955312766190359
110010473893682841
109281766114174279
110177817131705997
109252602877006697
179888
108194497299819483
48108
108194647172744328
108808590343512037
109284602304881561
109263324015230431
109282165711274895
109267282974063146
109285127834560800
109297937915076732
109295758027362222
109298400436286090
109280820412339041
109285265317013667
109295768638424651
109269798590748598
196057
123979
110231831978499760
214925
77044
108193973084387020
109297010354904985
108194945594184865
109297505038686033
110113898887674260
109269734590821206
109266448262861923
87568
109283344696766777
106398856880124779
95234
108198302663768793
109316160823583135
109310698848335583
109269484951143377
108194497085527042
109303535015914052
109330262054919200
109245560335438499
108194657418891369
109302752970949682
109315098293783298
109297390516821471
108209992102383767
108195389219884616
127412
109285856212951916
109836261096888462
156873
109295795682104660
110431532407351297
109296339894455200
52777
107416565744015747
107998701811968307
110178881326670464
122017
108205609008660095
108699396447578202
109864246449184792
109279402089912398
108759796473315702
109271460127114512
109261640047367000
109270052248076292
108212480346288845
109262148000612529
109296086122207980
172344
108200239930991026
109393728830088054
109270818219274652
110034324982885912
108196450379311341
109264087847590256
145825
145833
154416
109271215865755436
110097598252049515
108194526187339603
166269
109034779376690292
108194421053320826
136149
107971040038675764
109720367314131429
109888561639727181
106676231734832322
107234096882961322
108339788045500205
108689608177652258
109313819114694163
108200912875994470
108200043303603727
108194752567089934
109261894164242942
110100538892424583
109283185009556188
108202338151853733
108202558655824868
109845238216203665
110222586119533146
109242209181766465
110018841655608374
109261350586458142
109298016200676675
109270201450506639
109268076845379019
109300451532249938
108195466815299032
109272602172678212
109262491698490057
109495892002811372
108198668360785691
109265820997135462
109261547468615477
109272566370490778
109262157569519366
109262015395188259
109271575389059992
107218417802187414
109299830258021094
108219311831789415
109268820407872727
209257
109295033208862165
108220623040221769
108199480404812717
109299547699546125
109299264670008258
109299644780267321
109296860484923909
109298152093923253
109283191803980344
109246767609910456
109298267788903377
109877528668810592
110416714455619542
109282076882445733
109297960940025894
109268433435125929
56945
109264539740763156
108214602692750407
109299924204323492
205108
109298249433619871
61665
108193098344088705
108194674127197706
109280680769105832
108176503476977798
108225673470480672
109273515174639046
109267676806550673
107912276199689390
108194636869660659
109280273097588050
109297256033524595
109300484813814722
108194617258818727
109267857554232663
109299851301311420
109518520681637731
108194825822288273
109270601171752056
109279161280777729
109298544491237425
109264450923147096
109265634272914020
109261230042245984
108216630139333175
109300040086020937
109300676195387085
9547
109280658337703695
109299821338709616
109297887270593377
61797
93723
72272
70713
75037
94546
99861
71531
61583
69951
83519
110006154446146975
66592
55567
190020
109299204354900176
109281279257232285
109283593664739816
110160886545834873
108195223956649630
109242532649025912
109252001581132280
109297374463672558
109267208905468764
109297156988861229
109278141829631227
109300710046719740
109281433027452397
109297830603241887
109296367426851535
109277514875139805
109295747683433683
109295832415490081
109280361034696136
109299677396843038
109295107367321530
106178297772992107
108239718265389667
110050266904769397
109916978193703334
110016329583449512
110003273132249033
108219110877650311
109261186362325973
109296983196581885
109263982187820842
109296462900727350
109279327291670138
108217104475749339
109840723910825970
109260324646338700
109265589416449025
109281696834262214
109299819801418629
126657
109507682407412854
109263250577505280
109285328529993590
109264721333170474
109299764976824682
110441176131841659
110462449295949457
194435
109300655871523686
109283411162044537
206703
110465642585204115
109275218103674714
106585632777456938
106626572868389380
215682
202103
108227282852486600
109314729250818069
109298891262033784
110040451567039377
120422
138032
109261845825329384
109280753055414321
109262702283775664
109264674282587068
109270179366997252
109298009822494731
109299131029913494
109285594793089878
109277965026745121
11594
109298860745769506
108203063231589339
109299101431237387
108251301921813148
109298154509807023
109298548699588551
109295860518376858
109930080419554643
109258020803372712
109286761953073110
108194334454828194
109286629789017964
108195382022192652
109276340870294636
109270208992487933
109260800183869499
109284953990094390
109275071211261331
109267074024562853
108194443134700682
109298594897336572
204067
176511
201414
13715
109295697512882954
110305741271850145
109520203868270278
110242610927690359
109286685687464278
109286571439404795
109295710363366465
109260118169300711
108202973174682615
109261547746825970
108220408337684194
109277368391449278
109295667218907981
109274121589606361
109282662237985574
109295615839118047
109246507170291568
25690
110463403101167245
108194161952142363
110301796838634370
108079633598306704
109263611187214367
109252143857729624
108221577167503769
109262464261371233
109251205209171741
109276478226806551
109264267448521879
109279074803234190
109256142850118263
108205007708679364
108200758294018919
107260
109245921935945473
109851723341522671
109299000033213111
109491199059923545
110175131207153534
208626
109541703780574959
110106945393577569
109922991508609495
109267261866549266
109964063518415172
119949
109257646564248220
109868742734222744
109421500846318603
109422151194412009
51517
109245721906330488
109251679688714608
109263912286725409
109256215005067203
176170
109871118872396383
109513047568391274
108294736442591162
109300640919213483
186035
108228831105496451
150371
109241605664206578
108272451806093154
108193034494711903
109271605760562620
107592406186677234
109239427830663800
109296781731780673
109262134315109817
158485
158658
90171
110464069249523345
109266321552841173
110298369194638283
109246600171999674
108197799786510519
108205349542190251
109271527559051073
109300246342436306
109295348344643373
109304937989724711
109286528708548807
109296407281224484
108201028917247911
109299060154925195
109251044764356664
108130327163655319
108276422332392513
108203193105964169
107576124532417489
108200684148905427
108202366739416173
57704
108206159092229237
181463
108201287024353938
107071026961986713
153937
109297674386621522
110022357264645493
109268699962596901
108197080290437586
108214757428731237
109271038242646554
109271792964303651
132976
108211456083550832
108429170297475353
109024643816363542
108209451886323590
108203589545485357
109295958854061961
109274953616386918
109286647392236151
109298993699908593
109299862841764294
109297455722084094
108194575926034333
109264334741256771
109274738783474219
109998344147247994
109259052808217786
107811606502769464
108193074504365085
108198626818968160
108213435744616604
85440
108621860069194783
108194982190175776
109298022426375650
137932
109297791046134366
108200437412384742
155648
109298350334253539
109322826146893403
109321182344602575
109265487730037781
109111959423319884
109898932699653682
108061605012876484
160227
109246719081360270
110444727726150064
44995
108209324415319734
108211276472940750
28213
108194620371079953
109299184802911561
109286626877021793
109273989159704183
109258986807569584
108193503524446640
109297862822679769
108200083121792342
109273539716211118
108239922798011712
109260822153371788
109281736328392463
183039
108213873919289076
109245954466248554
109296838460114197
109283424394884768
109296669413867323
109280797008722310
109315095824039977
109365748286929077
109349832150118508
109281176305170407
109270306319472806
109315594885349464
109343026425545424
145847
109280304463346999
109268760677350139
110452746401827966
109297370242214118
109281463336149874
109263931097310695
109297321125942904
109299515454446928
109298118122056455
109298032393221854
109297399679158312
108193782034545917
109298492112735127
106331179873400933
109295703669541031
109281334369060462
109263298290187703
109264420398965475
109300177600687986
109299655609402136
109275725000610144
109915205493641237
109297910575189358
108204908328857011
73264
51578
109264661426138635
108193847716431376
109296746276004845
109308809024118081
108194831753745014
90895
107157060229120945
109262437926019930
109263787274001705
108288686470749490
109281405436577090
109267551496212657
110261257759186950
108278052869868263
108496435339203974
108279951802772055
108277520956126234
109299378992283149
108194889890584022
108203655368558301
109276202493248102
109263869569528598
109285463638827422
109297397273029231
108205167479858820
175355
109261918338003573
217322
109262572985338932
109286777002107657
109299165914494391
109262771644046924
110299877383305020
109297965767604422
109286315629134034
108221463916604653
110083581463263896
109898564907473521
109298248056659368
82758
109295478583784819
109275974353153352
109273673544844818
109296024108058683
110059700162822596
109273227390201448
108194115026067465
85830
108269573524186431
108230109754941282
108214740793815825
108317418345797233
50946
109262732179679801
109300404754582083
110417972324042680
108193062534062671
109318163927121451
109299724386575844
109297806121818080
109277274005453130
108208977550957410
109332824769194951
109295774503973082
108206486819411137
109299569289311893
109296940678575398
109298710365993335
109296590113913838
109265045780552493
109300347601628805
174520
110450748490585811
109299692136341848
109295931226244296
109299077262421722
109245535871754133
109268875155243306
109267018167626314
109297281733097157
109296506269312638
109299962973994329
110112753331494315
108225696719969429
109286406883608463
109262822113959161
109296894234611755
109507146864186663
109252961726870056
110310459361534135
108209021895395096
108215742590776427
108210930492623547
108193912094595118
108195447126684819
109285260940154272
110425128882805383
109300219932816896
109273859420116214
109273385069285294
109300351882747408
109903517939454426
109298163747990380
109299570575003777
109993760641908037
109296878455902259
109259655278715866
108196814122803524
108199547458480741
108194338137109233
109297275667526436
109260669343557080
109981316577763505
108101962109123335
108193271886045796
109298345418317666
108267063162937836
108215717261168075
108210648016674028
108199690219044293
163077
109278770223284427
109280775203664415
109259033432691915
110169342003167307
110113652164413259
109282156799187563
109318595457250910
109283944881562659
109286629801477082
109261920579644581
110420378558316944
108195871416949743
108193113675248606
109296802368451634
38232
109921491793516272
109298131713317069
109267977023279979
109264906927409348
109241822230721423
108573035911092320
109869233594872052
109296893857607296
109296895862603798
109207709599351420
109264601798106462
108219309680894977
109284965247176695
109285641227838108
109267525587377182
63079
159404
109295810149881964
109298211543189465
109263400529994398
109276043196931096
109266259354637326
110428894428318298
110425016577517284
109832914976994091
109633803516750449
109362698652221771
109298550492857653
109298963346747368
109286351805437815
109282778010080550
109285293463961869
109297467996354965
109296327236949874
109299554560105223
109261122460260984
109297793748437772
109274208812694198
109269291415110130
109267121952207751
109297944758302634
109267856029099219
109246411875165891
109263865841125814
109295089074353536
109262100257320712
35798
188079
192061
36187
36185
32675
9206
201177
109295148845055912
121257
109270013550895579
109291513710230449
110105062514094547
109300418419600036
158474
109274510938427387
109297578227297907
109270726907862705
109297616559678331
109300586064891998
109299107791920423
175447
109283253864530241
109167372192843230
109295377293854493
107896101833724466
109296734876946874
109297089870450331
109295672162336606
109300360836444255
109286244681935152
110041368858204592
109269614301987640
74482
109296861075501872
172782
108194914738499606
109299360401046513
109282914931382724
109299812876041228
109265111284667653
109284846431064015
109258607108840570
109298675535446618
109268775148902155
109260162201022456
109274958706125738
109268223119114559
108207066522130996
110191717309332078
109885640898665700
108207421396125055
108207297055325763
108207323833546265
108207189451275138
108207175574540697
109299977256183891
109295866787116243
108203686978911898
109244741443258194
146006
109280943895171180
109262603635598998
109275413432835383
109263954821212098
109273655584790023
109269966834498788
109262556196058079
109262657668310677
109298468747547410
109295090446638205
109296776572352298
109297482394153353
109297960640594300
108212452422115625
107311012468016710
109242834690704141
108206494487364496
13897
109299279041121612
45891
109270277969554405
109281102927575247
109295816002101841
108203400605279177
78078
108195052418207963
109297309429399704
196944
109268630585087430
109245329740759643
108130072515777129
109272963443573609
109280246637984244
109275721744594678
109297193320121216
109295149907286340
109299127333792300
109262963758946364
109295971816594472
109274290711530126
109268656035464609
109277456385144386
110081186606464529
109268991319590972
109297454962263208
109246564859775127
87599
109297234498165684
109268662317259538
109363203580990853
109263420576012574
109315952606726350
109310186559928153
108206217908505897
183439
110293415259766040
110105432225668444
109491005330499630
108195317812267865
109296978225258099
108210913777682467
109298148930591342
109264139061042699
109262666797894438
149117
109261854611085546
109278076098896462
109053247577890107
109296576978226979
109298076686395848
109295310692471605
108204388554645083
108194739018035412
109278959304113515
109299703072143307
108194671968661267
109914246026853776
108239113720127564
109297333288143402
29147
44853
29224
109500773586771967
109269325677159484
109506212304633722
109891871880618486
110028919254553364
109244988868413670
108248532654765855
108206723346906281
110168127998862521
108214046856171152
109262231829723796
109247088199348910
109262635395469348
109300047566692347
151329
109372255715498609
171184
109245021261772339
109275389701204968
108213972192197851
201710
108193923749416272
109514654929227946
108201528941805215
109257623789112166
108330448786309492
109224559513082923
110246287824393192
108719594625337981
109297421650011043
128369
109263710095042877
109286911040413213
109296600255188056
109272341454821932
109253838421913604
109263064259691172
108209205657618467
173425
109263976274534180
109262547952365335
109267985569878497
108214088685771490
108209018896302823
107470344984794144
109285131556451056
108227639532741537
109267326387557629
108209954944102786
109237098376661946
109296094558058041
109253009865695375
109829952282916224
108212063296474701
109296621133449327
108230582624090228
108202625513350201
145056
108194842798998796
110464316360206456
109261895694680390
109274371819599540
109287706314316161
109272108888835168
109264648605012303
108206313796683948
109300345188558676
108195279872215977
109328274615851821
109296042070096060
109881301742545677
109299892220667335
106786418404558036
109284788524309763
108170755306924302
108079570556257126
109260184174999822
109244229291571943
108080478478363140
108079615773048646
109263151479035608
106098138792503551
108196987461799729
109299659038805979
151263
109275565809100808
109864798754979534
109296177885670116
110043884328671147
176112
109267709958044129
108196825814948669
110089712075980799
109296614897083077
110063650325256277
109268315073074885
109264097506054018
109268209332328754
108222243424601685
106776422187255582
137787
159640
109267838899021206
109275839388841260
108200843501142783
108240590902004235
108204055165032505
180318
109278571225256044
109267645659988710
109278498884775067
109264003190792862
108222428480334813
109263348162570900
109274376422793054
90971
109296842608640339
109300749115772496
62591
108210146612766824
108198757164350340
108212335959435738
106929640295288264
108200252948833374
108195751864913971
109298222562209090
109277213637606495
109268945118148791
108203413140066678
108215007243654506
109300560488593053
109297319795162709
90869
109751237880601345
91144
109263318391681054
108199586315178525
109495864136833261
108196158029160268
109241054947915906
109297839946740307
109295842043442058
108193273886143387
109273719340475576
110202317291668307
109253521914631508
109266949225138527
109273246732841461
7956
109269325937171894
109298177452659907
110351617617887541
109263628115829689
109270854257066132
81423
109298352302386339
109260701140794949
109142559588720453
110324042136474518
56682
199530
109888476520319440
144611
128460
108198496846042530
108201407156111185
107750198090627190
107740938260302926
107307456638566449
107163938437672522
106805
106865988917547048
106145266530072037
106077936286233329
202781
200192
196298
187314
176058
168367
155170
154374
153476
147319
28800
109264965722943420
109274725759751479
109268169534038145
109262622389435004
109280546833777022
106626840130906060
110453295917953117
109297904056229269
109280603378472912
109264346647493849
108244420044299432
108231530805485109
108267246202383483
106282018418946711
109280266034486230
110102752390336516
109252398978680344
108195068878145280
109268688085204763
109296385103724476
109264966448098012
109299641759104775
109296407347618303
109298570427919077
109296867299347883
109296403317043189
109264298507590948
109263407003299167
109263694204461831
109279209405568867
109278079631381461
109295935738021413
109299283741301590
109299805627135923
109282406177605643
109263195760803191
109300639758678552
109262427175540273
109285070373668501
109279414652084580
109274390364290334
109503108516229080
107738027445545237
107738225860263392
109079865826448927
109263324668725736
109264498059771163
109259615479285776
109296320873449471
110159557355782377
109974764924762838
109298767062675144
109284362244053278
109296287182390769
109262356797639287
109297546914547079
109260216860644749
109298117396515927
109262630197925662
109263786849595651
106334964781591765
108225067097257047
109261903865306461
110400346677148230
110222534572947603
109297216931222566
194252
108198167600097346
108491763758140259
108209183894323396
109313253148990267
106680516888320328
106993490273712150
198924
109283265562681632
109300354847162963
109280622310827300
109286958344218842
109297115289597245
109343050824309396
198984
107810670603881037
107620886878590239
107545848285754736
107231668988702743
109286603846628388
109299363451589451
108194329744161405
109260993596856294
109261413368115004
108194932001219724
106804024234455266
106755362887153338
109265351915776923
109784308275321798
109530635913974667
109514744207438751
109512686597181157
109497534494074755
109399960708358760
109450116499884029
109332436287145532
109367287557657162
109362426109888414
109363746319539390
109364447241978515
109363774459246958
109362601664475901
109354256271677443
109297565398911355
109271077258406979
109264531303569113
109239090995044471
108263071562260514
109298184243513253
109296716273183175
108195280010340200
108195460322985590
108194310355897351
108201687424693221
109994027273514732
108186445810671783
109296139540649437
109296374119089349
155607
109520692072604213
109276953004989983
108202334971170354
108216305921499936
48110
74835
136429
109266095150839386
108195452766994744
110176180410381426
109296728227953034
109297013213651935
109274144357940174
168090
109296617355953900
108103303125112298
108193826200107734
108193195841539170
109297515767080760
109300674281345248
109247413222062912
109263937730918586
109299173461758075
108206082527282051
108167588300008574
109249361375854861
157304
109263638763662022
109260367456907112
109285928090803610
109270736418769913
106116
109297717956473505
110005132105956153
109296399452768915
109262363642552777
188663
109298105504035796
109297439723883836
109298029096080475
109268593132691192
109299098239241753
109298329459799542
109297032641850096
110390255441309105
109300770810037016
150870
110086483931592846
110069545032612351
109297141623807939
109865178579603469
109274139566384131
108555869308979117
109281236979020415
109299200967766314
109299965921447281
109297905416393228
109297363097880805
109281681930219947
109279666079643558
109921782524908510
109272650846434225
110135841453343802
110261437725772900
109283068338030731
110249114736780327
109494208385653603
109286600727077349
109296025791261498
109286348009373062
108194500596733547
108194974728925211
109262094846479845
109243238049093492
109277184099422046
109298777888086215
109286321878490414
109263489332387922
108805947573387043
109298996348120594
109236885964460128
109260721483281040
109299011599873462
109298376460255505
109298148940372492
109296355055444696
109297894240431192
109283230389648872
109256827038616816
109271214597163764
110416450224071562
109266335341659931
110223539637566329
109489834029219537
109893884050621992
109274116091489869
109286474188148024
109298991948305743
109263469906908935
191875
109296953296819596
109299237807459987
109282404541474152
109296886137090049
109299237632484493
110421109589604809
109298120925378280
109266818465272901
109286599806961045
110357750006245745
172860
108195863361028117
110249395602826969
109828798120281012
109285365283653567
109268690153173404
107740425229771178
110337155472570312
109271466790795451
109285260417312048
109268497627827559
37457
109298231986187839
109265418037608768
109262200276480234
109245761647847884
109372917587353231
109518859445518114
108263919017898617
108193250774457655
108203799261709268
109829020212906341
108220904256764691
108226395972216551
109270478241732106
109272994780085764
109268925286825588
109263357750640286
109264220664963298
109265036159269368
109263032779668290
109265905607943635
109263857854681562
109263267596208470
109295709371097400
108219345391552900
110162614482134214
109286138698356544
108193096291851795
109257900240848277
107047594131034237
109295703746135979
109261180202315582
109267986103292422
109297869530736942
109297342905155538
109279475779476015
109281393590034972
109296817639567080
109297914489133296
109297170791682498
109295330091265036
109260616731408618
109269602954163967
108209035714692264
109280868469879574
109285375476234329
110414741170159546
110034888467024120
109261070965931065
109271479675234914
110409049433361016
77265
108194107862172481
108379547063099894
109962759401550972
69186
141976
110211494203280087
109281536339060414
108209382435092135
110015243916622888
109044941800072625
109295858327316548
109264631779133834
109502820452009733
109268811353100058
109273697599579714
109259549849219140
109275875744541898
108204135381670042
109273511493383161
109259440024721763
109297079473401225
109274759241803218
108195391283041487
109245312264357024
109263397063022175
168595
109299296575838765
108149114085613589
110115780483496713
109284475890072101
110451045803671716
109298234333079848
108246249212744561
109295391214337392
109299771702192505
109299044507848854
109520306856630021
109262501779097909
109297125216164059
109296234892530498
108206283793740556
109296593516041500
109298723154490730
109263070977590257
110010354187809043
109272453340324346
109297640160630850
108200392285112901
109296260776125588
109299483102755184
109299424044933155
108202338078955614
109300563942147171
108194786181628935
109299306872989708
109299270706591287
109297885835149552
109296113330032012
109286904056357581
108194477832186289
108194282607435646
108199620463612936
108529314412632399
110232907357180960
109496688933314286
109297367616296087
189698
108217568671528364
40469
212508
52161
109261850112666706
175885
106551132218849470
138384
110421564932488697
109296249231663206
109272980475781952
109708468228860107
110263042559573557
109282521210115052
109300463029646686
109272543705971755
109300086005633972
109282018405977957
215879
108209267832077387
108204992174073300
108206123119104726
84807
108229829738751566
66983
129758
86846
79883
15693
56610
108792791106170719
166746
109271692155443061
109901255236403723
106695230263661809
109280654910837628
132195
109270073486945797
109279429766929883
109265474435704141
109265492630003469
109263876850682671
109265353159493371
109299661074526482
109284897978014556
109277032292014479
18010
109268963595794926
109268596547670026
108208441981582420
108267802489061414
108266834483877980
110447650760457058
109265553941457153
109295694643753550
108195224924864829
110114917687203240
109296689949907866
109273734565980852
109246655766477608
109264537157735721
109246362394690385
107909820537627901
109408756497836526
109300524716088742
109300128186851630
110205259733622654
109286065647504812
110448058740475946
135410
109267172333146076
109250673643128863
109261610257608786
109281699210924078
108215665045464261
109250983696356059
109280902124638685
52307
109297219899850128
109298429933479730
109516609661028114
109295112875217285
109320268983622491
109159238986665853
109275683826805930
109266324861128875
108198184081341068
109167637233137033
108209076363102334
109297387525038697
108272720223767841
108193826486202302
110055144547641363
178925
109267822253055355
108222542691297353
109261592995374155
109313402602665695
108487104029764124
106625403396160220
110316633105529405
216707
109299958524886058
108199384914537875
108199942223713736
78386
109277258624874814
203516
203502
109296046428680181
110076465977781180
109304368211776197
108360808643283673
109498055255235821
108206295884522082
108209404379644466
109296891483548720
109214938045687801
110085214027484760
109299294788256242
109297338955541607
109296354660086378
109280702101965752
109299203238042940
109264220789487603
109274994909752052
109281883915260275
109298552978361178
40897
109282453057568017
109269068228777459
109135600450731250
109296107586851076
109831510510399568
110098671737225820
69528
109258894302094582
109244675919323885
208815
108215938361088527
109245779514804132
109265532163460589
107402230188940801
109271643883903202
109274616157919308
109280539464640197
109299682108036084
109273655518998503
156628
109299798569393356
109263355607738308
109269058617548196
109269288371262029
109269836831767173
108199600975864183
109246666973853460
109300780021792155
109303483502587676
104795
53889
108208531980572618
108259960932826206
108212943287893052
52069
54288
108213847828768522
108204192172139134
109273456675824735
108211429837314220
109299574809717730
109268260980820674
109262994872999647
109297125396667329
108193695942664347
109520790024230747
207359
109234160629418034
106409737049351583
106125495028610425
106120176659096925
212164
212886
212870
212864
212174
210813
210660
210020
209083
109296223121279251
109268049267923779
109297124736142931
109298088008507042
109332267522079648
109280091654929830
109303252696300505
109297323665281068
202486
123302
109295507576135103
109271571911765859
108202678197520728
109347018613641720
109273365031373506
108202343281650567
108197552318610661
107513505698591854
108198841860780597
108280325284724544
108225870856064683
109198622901732219
108271153053642551
108213697308253468
106515
109299531073719037
109298507425321995
109298220207276421
192944
109852552709789208
108080937371086362
109281386480425739
109283985470881501
109270599996044164
109842342500253194
109299078833358768
109299516377450408
109284068261907509
109283862188434672
109299427987684596
109282573095948927
109298419047417304
154482
109256267164037549
109298066588994704
109299263108813134
109297215330461969
109265664866326750
109268443861019610
109512317867143583
108196006541177438
109267914543810300
109263469834836879
109274860693202918
109847830273210957
110233359664465316
110273445414953743
61970
108203817683604502
108203572259135697
42513
109828533066602294
109882148436294356
109866546729483971
109275680966737077
108210647991078258
109299089466765515
109299015221028830
109297865298304439
109298266650634637
108130415777519178
109297478705566338
109268809162393441
109281394961001071
109296166459562460
109333070749814489
109499668515987667
109298710013201170
195164
109282304190439879
110385485634771845
108290433986701490
108137116020590526
109297438749052368
109298693944084751
108194036893262378
109297834655275963
109296428808639167
109269523117180386
109263947220136523
109298929966975652
106272947141330468
109282200728421300
109977504465774646
108194554766427799
109254662667150761
109296866613020024
109269022059261805
109262056731714921
109526913347169492
109261925075692880
109274927135023994
107157024348148882
108198999473847741
108194290800059439
110030106913463399
109264380493343817
108221223471084331
108243881902451880
107185959297091814
185736
109278276553217107
109300242181722103
108494673766468907
108215346438911105
109297283729603919
110292042683511110
110253715067450715
110264620413459188
108201027988178622
108200592782770370
108211554908908034
80373
86076
109265352113464777
109296197334097985
109296475116608405
109319031616515019
109295884974711965
109270779736973506
85011
109255952225960372
108195019907743935
109263771251749239
109270529150569897
124572
109279640982241377
108189837306042967
108201630517784360
107460997238880063
84140
124234
108380113135052619
108210667702427092
110379856781121613
109284863747200105
109300779185592170
110311076513234362
109264481696410574
109244511755776815
109264492088314366
108543346459363124
109520491391475063
109296723334044489
109300016556654114
109300130626170215
109105300896282975
110007380221607171
109297532690424488
109272580359430398
109273836671430040
109509743892337346
109264171541062861
109930635992689212
108208409942385381
109263299679749526
109262670654813711
109498521271032428
109297383189896662
109332617407885004
106673065098101204
109298247506409527
109275935591730975
109296416529465941
108203968193134915
109278682482605640
108193529976405458
109279950433750027
108196395006013805
36007
109299114540743530
108193797605424552
108283588375473631
109285761369328445
109275413507654589
109297566028272749
109263183513008134
109281188905478064
109280384779089923
109300251584906220
108210149166307605
108212070600673306
108210417592269020
109263990483082936
109284145409179360
109243344771334401
109297886388164824
109269039514617355
109295603184915047
109262699559093938
109268989526014346
108207955987747052
108205607361949825
109299660332861738
109280749730601190
109297984165556539
109286399787073332
109298098805768115
109297427429834951
109277337112241274
108202812865945176
108216350718034427
108193561556873513
109263295630549018
109274763707835645
109264900966022013
109295610562104721
110146799068218600
110080816643256643
109267582343634269
109418263833075658
109406554811328051
109300908000369375
110290286622178566
108198474913078073
108205608565507978
109285987840995299
109295989515160690
109258694238709875
109261326355753291
109249347596695710
109298957419774188
109299877595671380
109841744966247881
108205307979371405
86837
109298680534537153
110115971359794515
109298283688887569
109302461947970624
109299256989727050
109298217702390601
109277239241095112
109263119412160508
109297355098907311
109270841752787680
109262861741189748
109296318018706451
109282582145312453
109296465875339251
109252782397339428
109296960122707940
109297049188091509
109510127847079427
110210599061891844
109829424646283048
194516
109267658458657943
109959568591396603
108130010396766712
108211394546046381
109298281533506815
109298188135562080
109283131631368498
109260182231760713
108208218326995627
199483
108217584036845119
138106
109264864966560259
108199790608126427
109300257095990191
108210323406869004
28478
109276176749771825
109284170515049239
109520888846790569
108193465087653719
108193282314501552
109246970945459263
109268518200948851
109297231693954142
109261539743806626
108298981179753557
109298092611268757
107455811244463292
125189
109295968341480685
109298714620146534
109281730686196239
109270145961632182
109299768546846154
108278087235415596
215480
108236768788486116
107597800804953264
109262257275915079
109263058835265303
109278570532061080
109275821667207460
109275420580938171
109275622236210983
109257697342819730
159140
110214790513013724
109296811224142431
188226
187719
107098977513659357
44537
108211548028438083
109295033518248390
109296642560575047
108194425235665987
109299248246520031
52217
109901976262995648
109304201284504393
109298263753832479
109297046244033132
109296569454546473
109297533830355153
109296182294374883
33195
109285346945156537
109297798908440844
109264012100222268
109270931607006474
108436570228891802
108196838703981626
107659063039148317
199129
141601
203039
55407
109247845373119837
109262558301829974
108141183120545884
166415
109295600466462668
109162476228053033
109262185070302277
109297371687699825
109273582433726021
109269967678866127
109275650778092797
108208864119230788
108195999940084336
108222133580988955
85667
109309517280561327
110107210288808599
109543335761173238
109300510573648743
109283768713425372
109306112452126634
109362531114809101
108199566212733577
108204664485791446
109299353063344994
109366300570296234
108267676752866368
109507106397952978
109299270688619208
109285200032220884
109280356416998187
109262937532334209
109262401794443768
109890724672249772
201729
109282150851624405
109273965520768413
174841
109267608007944372
109662158313252964
108082461389813174
109328822413999879
109309505013177812
109298206864624271
109329013994227616
109273367445656462
110431069269998193
109279868087277050
109263911574380306
109279478730291547
109298264088797582
109297192194969124
109297288386936862
109296709067020537
110166474981640819
108201053070202031
106691895365741473
109501501253912173
109296864577945478
109266040240461250
109298009270636216
109274621542939840
58306
109316004336723523
109297961129650433
109278373536617770
109269393702140999
109274174840657316
109296835901404412
109267816557308814
110417787205914401
109282455708979242
109269386310571629
109296777637244947
108193806407480657
108200466434081115
109285547555245114
109268216197824011
109263158455233162
109296438462731839
109262797408521140
109264091418209359
109279568090039111
109285513329973205
109917678161111541
181637
109023090213370040
127700
195251
124169
109270101454697500
108197869183164325
109300185932998486
109276370005053797
109266566822801048
108217071365079854
110413669522153202
109112262015397528
107348821936406780
108310747899653329
107401437338163100
107362880190314445
109298370385839172
109299842027211965
107598351028928672
108194371305598631
108202804460610949
109031253171279960
109299518751879165
109273395921404892
109270235067369296
109932696834863926
109111143759382523
109265549914437760
108203737390625134
108200091139395803
108199751338465761
110393365536924058
109297984962554048
110141926378855116
110241743089160223
109264982939852027
109257919374761328
108198494515203826
109278855289738283
109267395974502408
109530227785509365
108164930179459297
109261571710183972
109284150366488380
109297266409258257
109264208813064969
109296208589783111
109936495731362359
109279563180117247
109264602884759438
109271709530653530
109272077448966195
108203604078757741
109520703907295977
109264305467718806
108194421274232398
108194442897094395
210686
109296171614027300
109295526066007780
109309578935273971
109297156624606117
12150
109300328658759948
109287354965052969
110097492234566955
55480
109299152929940699
109283809867002582
108194514311276548
108195324508206486
109297802529801567
109297997171647107
109295878208760287
108215415252460855
109260411228565884
109274947996494967
109298239599047916
108193899909547127
109297490596097364
109535320309859690
109265494328296782
110397063209618864
109241153540019501
108147421210027471
55580
109262402407716530
109299279932102514
109282377781247326
87096
58965
55724
56196
109281068592980308
23279
109265179503381727
108200537568466618
109376910377489198
109375443188732328
109348987273673324
109345803999901343
109345690923641035
109334961201738715
109332273965518425
109307063538012647
109292784838054944
109289306837810216
108286574004497693
108207551082620804
108204795286448132
109938914732676274
110423100792994598
109270392394708194
109393557971336328
109057549848021902
36504
110424512837199508
109270915476443956
109268953849611706
109244269067401629
109277613044875262
109296499618744764
185626
107072286715962232
142933
108299002332850452
109265092691571478
134158
108211468993650608
109276161971247233
110419186976993522
124532
109274488659132683
109298355341991495
109251723860565263
109299051739004360
109285417778989550
109258339542748041
108219797099458144
108215434464619099
108214900735264306
109296782428388588
110423110260175173
109265275241031967
109262763364051390
109269202148547922
109285553672917411
108198650370037382
109270135868075578
109280532773619963
108194396218980397
108195836721349714
109047444115402266
108281353535859537
108416112928370628
108203064658523181
108210431425846200
108196223904935377
108196086626069578
193280
109263418164588848
107289963753894690
109296982182825750
108201289330975365
109299389887713219
109274963847657211
108203019721109310
108191339079044446
109295735722189528
109297884776218458
108193466805287096
109297817142647666
106254212431014780
108203808170226926
109270105509783738
157587
109297752316709290
109265004581756329
109260214998505298
109536099589804389
109263034530072693
110473186759236713
153963
190038
109273815935888855
165726
106217539351723439
212305
109262518284350248
109299203858748266
108195989741681636
108193415649176300
109295101455790864
108269723942237844
109297858562097955
109250995490214084
159680
109307320101452581
109264664936785643
109279914335659485
109262413561379851
109297613526487156
109284975899186288
109509417630499588
36013
210254
204539
89941
64044
39093
41048
40443
40102
40083
39961
39962
39958
39929
39414
39445
39278
39232
39090
38404
37794
109273415458754220
109282157036586910
109297043550795760
109282704683950225
109246673347232571
109263632643808411
109265825890394910
149927
109247137966696910
108216405358884235
109503100330896076
109264813030052343
109265240065408681
109297470219790579
109299113651079806
109247554058274444
109271974361924064
109275072543425330
109299574391659714
109300504747620101
108201026685585894
109263381435202217
109247074852925298
109264474522636919
109261911699672038
109261766408636978
109247527253257249
109269907500577872
109295736507187254
110118502043552658
109297802386023631
106865935894746363
109298685982837791
109266118093368019
185829
109274782767319538
108194840542070644
109266291275128071
107169037875936778
212027
109264178954730788
109268178716051833
109264252529885776
109260181653360772
109273562537286677
110249825877730921
109260296830122773
108194332266165468
108200974582948226
177555
109271612597419873
108203047398705264
108193318021838791
108229648141604609
109336167604545881
109269011461269006
109298317211168970
109299482496668825
110045057270516776
109263380214789200
109264761296311230
109263135720440832
109263149913121074
109270912265209845
109263053904740394
109267699272299954
109269890823227976
109270012618908599
109274808626747931
109262343498359591
109269987196732560
109268906037020066
109286881005103930
109271230042938714
61993
109273437056998191
108202170728589974
109299023212589085
109260656965735086
110299334497409480
109024264518249576
110239014961057174
109275202512582995
108204480680666993
109300318583979430
108208376346311483
109257866415542857
108199791549771501
109298243811429171
109263627580723019
108209859094965463
107319518137934390
108226327531221117
108208427273053184
109268765754746388
109265764897397538
109264145628560783
109270206805952901
109324788816037887
109366260178372522
109481011522652542
109263371583877856
180434
108203030558334489
109264413180213518
109185830306461581
109245472755339090
109265442388297731
109263301796732166
109262403746807335
109270309136496685
109259918691457887
108208679918067465
109274025885580267
109264821025865448
110189669558231274
109261498197923611
109299091260613014
110099483018941827
108193012230343061
109277616311590696
109300203929256670
109263918807886925
109262173479615754
109261957646690054
109300803746155906
107054018177235360
108196959989941566
109274868826364215
109298663215972760
108211137946410572
110411129359876437
109281689400776618
109270801575307179
110415403382496033
108197897495686387
108194671018946428
108211999874584191
108198016510124946
109867668583581678
109299861993515944
109298751648723472
109298219668261340
109281961595896662
109300005277207126
109298013641328965
109295898112217527
109295603267831138
109295303886671706
109315078366889780
109315002339094908
108195515903795007
109262403757093371
109284565978841396
109283279772337617
55618
109263593073112618
109272373846354847
109276170949924920
109272286906473054
109272218944712559
109264593689394627
108287608287210960
108268309374016577
108753259691555322
108204628740571515
108302959429148314
109263779159359206
109372297335434560
109284807960653332
109281752972577820
109270204838281994
109371322429748316
109296633820004819
109257730538634211
109298976512144140
109296728809708728
178897
109268167088720902
67623
110152664381537907
110088916396574012
106193227365629055
109259674490178818
109295111916309650
109260422742035745
110015149436116120
46146
109280637026582127
108194762486639165
107889169136802511
109270491361120409
108584553898094796
109274148687839955
109512691210006074
109284800303377576
110106622860369832
156771
109296997316693970
109517580648461452
109271236395913714
110426687682364191
108205259524404837
110411601793712594
110332612836426572
109300306246151155
109296309289253843
109281575723120120
110054405248731543
109268270141495838
109264263830068205
109297863251506796
109297111636997102
109286133659658435
109299735642355529
109274120071537427
184734
109267454365739984
109262471587517736
109976422412420728
110411157481236592
109297630210040367
108205566910420742
109297848393717061
109281542459528909
109938231115552073
109299317882292052
109297369657620535
108204629644254444
110180819374900354
109538162848018153
109312300269679075
109308887455968594
108210412255931303
80071
108204936942054913
109266919547538133
109298116485166882
108196877660881469
109267808874434027
108279067319620060
109278387219563404
109263151535954062
108193257825378486
108206496684974346
152853
109273201338775010
109304893884263819
109296877087128963
109271922568107082
109297486771551619
109274043430715125
110106883094868916
109263397169882973
109246287565583061
109296940578945229
109271015493691132
109296625857715153
109299371228106749
109296319933556000
126318
109285420806896821
109265083359765428
109274371173779297
109296991122714662
109263782417484642
109266078442004123
109297526043638648
108202423157640832
108203623177750101
109295729288013800
109260881953091406
109298948082726397
109973989788789872
108194716576670307
109279974728986854
109272297339474939
109282554198203170
109238808549481869
108206864939252720
109296859093499643
109299840985671700
109296418209635787
109300318917796570
107145308526239014
109295026572920190
109271724376678118
110369456580942274
109263431530001894
109297046681312068
110194817895012171
108204409204734714
110130976530779757
108205731870156754
108200697004152142
175277
109245776479889157
195541
108201582643808095
122177
108193580349683126
108213378513380234
108194678178359294
200050
109299961727303383
109103070631617963
110395158097623497
110343839997798609
109268944596357839
109264547287489439
108194560857204701
109261955685529621
109262524003017143
109245103955137272
109270286328036671
108209765644410931
109295116923629580
109296594297280675
108205928346750057
109275430990580826
109884001298209774
109298229767418132
109298156594462955
108216175621854757
109296536705231942
109286059294871942
109286106610473913
172812
110322263537966980
110004043978676745
109882138401397995
88341
172980
172756
108194837673163603
109284920932786869
109297205505398292
109264824190934855
110265440945257035
108146480526039448
109080368760123207
107417540116388920
109297800340183775
109299444946879935
109249149526142576
109260121207746706
109283419976631941
109283056986089495
109267518371540882
109257790250413215
109275860372643589
109271040248311377
108198523947470122
109266556843418468
109263157507443339
109268564551697861
109296958523559380
109263410947705804
109300104808861865
109275157496499493
110200193019101230
110401547746084057
108203472560031987
109299365241588311
110403752317951096
76428
109270385085869920
120901
109944661289434603
109926588353521421
150787
17931
110062834627702872
109298865594900440
109873199795588708
109299945954742146
109289597137602508
109243763689458776
109298448777813224
160624
109280945092968455
109298422933128046
109275696870249100
109270818653824907
108208995836874056
132543
109271187299357252
109297732756367591
109270174330827662
109295006270007092
109264156144942439
110361400579954115
109296779521179550
109257816789266040
109826926257727987
109285490129637710
109298981053908550
109377832601423816
109375784421408080
109340649061174486
109297999909871328
109248028914826837
109264908670499313
108270573392199051
109286663714850383
109283210929853395
109300742352602517
108206077934741277
108193837210767966
109298500619906054
110356574495226380
110397751274748824
174369
108280481649649543
196300
109299691838595630
108686601826031081
108193759090483439
108204266803361243
109520856515729487
109269819797174996
109278253539541066
109296482513393459
109296245941598390
109299296738509700
27427
108199463794099709
109427980679090159
109366637454230376
109296267909876520
109298350727330873
109297145850003819
109286945598389579
109295463760756214
161402
109286391847526842
68816
106685888960060898
107307759068647037
106761082391452002
166669
153610
154407
155811
141360
143480
141246
139951
132041
95974
85954
88921
89220
85555
109947811260414166
109264526178434853
109284239394050844
109272461982153687
109294622684695855
108229018374311883
109282367430696922
84511
109298395794283728
109362193009385182
109264166576644845
109280637211363846
109269601563609926
109266349748057062
109263355448827571
109265755754087087
108205318269234494
109283455133179085
109236954374300214
109268853780152589
109870662752781721
109298419429796470
109263633851422662
109298487757608507
109296630243010693
109278544600070004
110394989400154898
110389200568969871
109297112801185273
110395230317419062
109263926325083712
108197729812709419
109262515011385598
110380061664137147
109214599039129987
109267621563056522
110344860142166839
109281133905436396
108178725118339735
151364
109139271503254314
106319239223078412
51530
189232
109283239659753497
108193581112521914
109305209594547148
108193206012134978
108193633658639234
109294996588474516
109299393632497099
109373516650094904
109383114173406710
108200871755457651
109277539014381808
110137742502871977
109284074127130754
109277116744346597
109297283330496622
109283939718888220
109332766227546308
109297269801575653
109264083485297467
109299078753033793
56471
109264666036270253
110075747393279194
109255038666014590
109930742266615824
108202923662773290
109285299194627691
27428
109258852944332628
109281140518111932
109268120756670459
109268877307364425
108211761529672605
108807176764509642
109298975905955878
109295820528132690
161703
109245357449334708
109246649618974019
109274944005761693
109261593670103355
109245989184626558
109266769580890976
109284126250785564
109266260752033391
109270925511553147
110210369721817959
207216
108209442619728383
108222675407339134
109276543009420118
109274518347004064
109274968245184483
109252496148335951
109249956648623987
109260208504870605
109297985390493650
109286073155727776
109170819643591831
109297010310401291
109270831461875462
109270535255235576
109395449120573567
110386650842731423
110097301687284797
40995
109271286589716211
196627
106329790248824953
196713
93525
107601438224116291
108206893901210359
109264070821029782
109828852088208069
108206218994426111
109829023979455250
109300237186964222
109264033640315983
109285355373189661
109295620442103926
109299466569450592
109296078922045949
109302534656146236
127099
110061936376488374
109846980270561821
109297931330046113
109273692798172607
108215091577908348
109281758225393301
108209115758311204
109296008037211163
146261
108191547467081059
108194488828339294
109295271507691422
109295804973383616
109243565986920234
109286684686223244
109299544860674524
108201254332770887
109298320103185760
106455364159802910
109833556403271243
109298209474287189
184321
131665
109249493623105239
109298194576371965
108199007542550007
108194177151395673
108200194117874571
109264341468962650
109262693689207742
109262572204748639
109265168434484439
109262489209093626
83043
109297585006487042
109299402018166377
109280008345222191
109298052245842898
109274279988136818
109276449876228823
109273075508278872
109273097731982256
109276843220325820
109280084864747959
109274385464679040
109271944946831904
109271533471465076
109272190069879117
109268855842205383
108214850549659380
109945164965872196
109299327177132539
109263355740331128
109286862187644281
108226724841245936
109297182830853178
109297433049925383
109111
108209418517734813
37467
109297376606861124
109296966421770031
109295439839449135
109272979789190647
109261778025722110
109297313077958020
109297393219498364
109336865876417217
199930
109276579049182494
107509104987759278
108210344262349541
110384481601169182
109280908398376335
109267993118265933
109276405134438406
109297498153940058
109273108022969155
109263291326186837
109297372302508768
109297417326867468
110384431171995245
110269324581990277
110352108418609277
109281067393826301
109297833956751542
109270081224460969
110304369555063957
108202213342083995
109263330615227788
109299743812495273
109297584374259694
109835362875630613
109297940295120719
109305991001608444
109311646119335824
109295122727493813
46771
109296690996108016
109266075818123256
109263730903443593
110372815546672714
192158
109274961334411988
109299979219887822
109296526854761633
109276458209843127
109286365117393082
110062860383476101
109299064463350499
110382974139589041
152291
109264994967714290
108210462008581001
109269185736431734
109297583763063973
109285368376163075
173319
108760041139427873
110145270861960242
109267990041062938
110380464261254199
109282088425029826
109296098774305445
109296387668435528
109295995965184150
109299573730999034
109286330558300861
108195974228549934
109264937177022186
109286612513449041
215547
109252976563091156
109296354290489241
109277896521749540
109245182642173967
109295605745626928
109263810960592263
109299037742363152
110334400184759875
109263521447475549
108215762729016460
109265709707943597
109513034246287264
108202521180495616
108225509440671051
110378297069623328
109283991981146066
109833872061570666
109285690667535526
109262681835612896
109264505069897280
109264098298166162
109245354593644185
109829243528674021
109863013431761013
109297769696329534
110282627555604903
109264548543100518
109249635618638279
110072800135426071
110156203400391698
147568
109845952934651006
109279577857345597
109058690082898173
108193594248241022
109264821022610351
108288162065753540
110071418122309554
158757
109270614891294598
109247572304113594
109247096027009113
205639
206779
108157048890830412
107619653810358079
109496638963663485
108195788190804326
109261552927697206
109300739537488266
110375933238402406
109296837595231142
109296376146299820
109296614412580635
124303
163324
136775
59953
108196124187730829
108197393690056565
108197665359667639
108192922576455576
66797
109264452555398234
149343
58249
197042
109296093564734756
110355823452267675
109284191306260515
81486
108205185134301638
109286959688135956
109298276898741566
142060
110102909344665772
199511
109166
108219867562590483
108243866241696544
109298200906012229
109292817288352628
108193354899971760
108192925974149050
109296024598981320
108194425735606393
110230264819465878
109882743129382555
109278746525246088
109300816611804920
109274279268067575
109264403875873947
110233639354075782
108214860396058934
109310700207501514
109298450100091387
109297611611554257
109272658058420360
109250279180420727
109265210770340924
108208309933583195
109506150173613591
109281920278934297
109829155965196515
109264759351321574
109264293936119470
109271206600421980
109271539113016537
109246467024558407
109298966787772753
109268549324795166
109260694148560206
203272
10446
195469
108206523365510195
141022
158641
109297216138199800
108211544020917688
109262090205543833
109295248847752870
108199085415551410
196961
108214502343190929
107629531439856663
108193607833567866
108207888388685484
109262182649519765
109267764880656806
107445620605733869
109260690084054568
109295896825281243
108200760999002308
72042
60615
109296144480885867
109279645056537964
109299346804689112
109263793551965033
109295696369257521
108194538364476918
109278815324260616
109295942906443015
109265625927160970
109296997733548565
109068215503489142
110259961779197415
110258650835288574
110190224894013263
110139734593074945
109245856511893077
110371243511302931
109297888320410084
193311
109830113916694861
109968870271849053
108194096445708454
109299594675850833
109833620290999929
109269070930216789
109265052619026894
110271186590582183
110271263817275497
81368
108137554487871732
108207276054031384
110369815489675764
109281692061319720
109297927033987425
109300721095081678
109296267360308690
110333902113788155
108193040586127485
109296936567231392
109295385076247454
109950274318486295
44145
109264033169520565
109268371445322818
109262363181523034
109265129712700820
108193636678896499
107597729531921983
109296619187050403
109261873814771840
205642
108168273953591619
107365620710721901
110367248976209754
30181
22712
109296890050458908
109297964181706966
110367239811943883
109268119232981368
