Nr of users from mastodon.social is 3005
108086782372704587
109985845820338827
13724
110282878332801470
1136356
109540658665947280
40138
492361
40435
134865
38659
26897
109897951549644550
110221981869972727
511090
109244300415875978
110323928744089888
1002673
109259546291502054
109239861638272887
333560
21548
506512
108772405993602191
110068921406778348
108197900630052143
109245537266124786
44049
110157307544273394
110103218157729413
110076080073514208
109984190960994281
109978535128168319
510714
878226
109832825427927105
109500217333160595
110292976287645266
110175989944587884
23228
109292147921875411
110027804560404391
110179946986357355
110151709822357908
110142199014727543
110137066526728803
110135614882391920
110113382276578215
110113728197057504
108131318147806923
109518493681438932
110029562014155989
516701
110028202035597323
235350
41622
109881885055845494
594306
108793120231390228
253738
109368493470455161
110329665140257729
230299
16238
107660827648182631
109746513619050640
18894
266057
109252385408598541
110189106650141831
109245825613800739
497803
531276
110272574000447397
523512
109499636408823503
147970
30876
34786
110324101412820485
110333879396988777
110306590558073121
109298669867616320
108193376617364330
110280833182170201
110237544194878426
413580
7569
36972
110172472013968459
412965
110055902064135403
109864704961690345
109503730846624184
109224415414500824
109214593460515824
110331153401420627
110329113916845017
268040
109355633517168541
109521051686928346
109207641646826080
110320150545120203
109860655675869429
109246411862197824
109220659027168238
517434
411397
109885392474961234
109251088201008636
16102
109280405774196152
108242678464236809
110249224666756333
416475
110309115332866951
110286033962329293
410239
1169575
27430
44295
1062110
38502
1195846
21165
831672
110028468542178264
107909616669852316
110318071537408408
110281581565537097
110070315273413747
108217631622938295
109816072942314404
110205473895865318
109455620922017417
110141172424536208
110156474743664338
39179
31511
109925044867229222
808827
110302661514429261
161288
1138854
109290634184736488
418557
109253794537020425
379550
39764
1136605
927261
864101
35854
1142570
35716
106691269101875128
108231825871284361
108092571306896218
109259000532391535
1033911
109245653746959451
109207209091502196
1138617
108195973413176492
109247647189672467
107954804895827567
1135818
109245576135838184
109257098418641664
109255948047093613
109244913339862105
425466
107966248176911712
109245784032723051
109244813648198426
107083558592326581
858602
35669
683797
391082
109245897815876907
31080
108194657296499706
19544
45935
106960429817399177
109297073817150800
29256
1135830
46206
108272750132324057
107728672708996778
110304190932428356
110272163293403891
109219449129200488
108283193530643137
110217432334326581
110215037871288493
110192873638245844
108153761567835867
110156915137503146
110123782264874937
110111419551325249
110105313861154066
107208807285856677
109178173509186697
36025
109355071679704368
1187406
109245544953175784
109252533027078491
38175
109245101674984622
109248071639129391
45937
109245048963393286
1
33898
108197814624812280
914310
108630589073051971
106868692638441588
106943757859571598
108272811986224811
417982
109115157257831048
107961106645345143
1025064
108324727882613642
1293821
107276676309539200
109365880397577358
488699
292026
896389
110125128555229673
109326629883728236
108194761732346023
110136854990411670
373459
505030
110324316001175053
26397
109371544918608569
109418898590901403
109366793208864552
109362994208629848
109937317731860204
110285732529576720
109250735466718273
110236678941801409
110320911640706477
108118876632575549
108198114909633076
109875658808785747
110250833206673699
781205
109904448329286253
109520691008649509
396284
662799
109859043484942526
109502260753916593
39869
109257982635114466
108194533502614478
110337684491472756
110321148157543378
110336963978365687
110336943246614198
110336805092979781
110332851618500648
110329027168355633
110330755181329704
110329190395663364
110328791254366910
110328217564367493
110327436192070622
110147314404775854
110326170239169750
110323003149428775
110322945860226272
110322628491311885
110322476391066197
110321957803641883
110321788643435844
110321679582408952
110321083557557316
108198930140007778
109943749337158804
35817
109244978968037846
1134242
30693
37964
1135639
1302801
108308899360823576
109244946078258959
109250731001374272
109247385399265044
109250886685497074
109245303877373387
110057165703287793
108601363029999996
108132189629387208
8207
110225529764761578
110283401631498983
110238844607725274
110271303187940021
1135634
109250656498111622
32651
111263
43658
110169264694816077
109257554026516761
45953
110015350407560779
109243260361549196
110020964923155487
109845298550366701
863777
109882229106249502
109245568105268972
107169976236019803
108232157741051668
1013363
969981
110189847575387639
110110114899818964
110092644979237890
109241533788551201
653461
107461335281935530
109881610410628097
109861759289855697
987282
106360318447040838
476510
109498790443014305
109499333917632044
109292929514346332
109299646277149480
962725
109246803405342434
109489963423954327
995982
109492618671750088
109359459326598716
419425
109362124788112578
110259062717606685
107313077722079681
108244202637649055
109247922276295305
109251628299507070
109245413456050702
110254374036163599
110309083988083672
109514994751506509
110302078837351576
110294635657248903
109245318521378527
19361
19311
109257458420206299
1278908
109244422988370653
862263
1048706
478396
110297051239289897
109870134944694945
107358726416248644
108197582250889008
108355914436618095
547963
1008065
108240987318969688
109251423247930471
109246335185092828
806373
108194437721202623
1134447
108199203662156092
108646674891804452
109239459241629421
466327
580299
108220332282760969
109244344611824710
109241964949327801
108248418614670371
108329945126602802
108073561893706806
109246231739569724
109244739626192630
109248448794402412
108197485681001397
109314497321462652
109361423611373028
109245007912566027
109359240674438493
1020567
110287954131405918
108137385050689627
108217967432302771
108226773351018537
108226446526067311
1306783
108228423013416895
107204211618323160
110215675364813368
109422910313214837
468860
110315514484284656
110186595921501245
336325
109705442941464057
109507128101456945
109258768109778160
109244864859434167
110215856153686551
108216824449469306
109245476908774569
109506499289995530
109537679485384789
417793
109366768623728571
465495
109509235560009385
109507123236284018
108193124764703000
109951993620095993
109844950475980332
485390
109245192306031461
109251686313383290
7854
110266162634306901
110045112965022035
110309755505530887
110251481531321454
109982113847829591
110300456262110810
110237572881412325
110285171071775934
109929193723137111
110049935186400110
110248558557567834
13645
110181904679624968
109872396139607228
110162586601522371
32434
109454333916837559
108220746382713279
1022283
108296538789124852
108147087055662876
452666
109648744105191077
109493145275935692
109246502245218389
109259183122785773
109876811085072415
109874547670304211
35703
108199052370473764
771485
110066046876411588
109247940749174256
109246536635163547
110281788882366727
110268241863918074
486885
110242098856483494
110224324027074719
109241956525984948
109335961478098267
110184817882260227
110156697397054938
772198
110147691987605298
108193032039339512
108194311775305496
109258153715778437
108193089730902939
110066122618777080
106139326729710359
109244847047894222
108197206903840287
109195189123816716
109507046967130880
109241749948205166
110108237008577065
108133754159560110
110142490653540731
110130376524754352
110171212659047369
110249686563333984
520849
570146
109840300895195988
109946950881746227
109244775519754856
36923
109247255117405665
554628
109240050707447506
109246870718602632
110113814411080649
108197447023231861
109239916886414872
109245374312674380
108741560206893418
475914
502790
109245566046911456
108135621105691612
109247768892473000
1058011
109128043496527727
108221024807263077
109245355478702872
7547
108198458512550451
108192680987241890
108309825815728230
109139906282861719
108194400442037949
108239784166910909
464584
109246170235441438
928913
109259513446011185
109241882501337078
109246597182593513
108245126155463729
109250839025197818
108197198252233314
109242376824577928
1069280
109353725266484732
109352991304340095
109354401956268673
809311
109354312254479826
108226181520981991
109246842179601967
108197064285674663
109941021932547079
420132
109694530480924331
110118583437066871
433146
457444
109983033143104532
457361
109772793510490629
8543
109908552570410119
774003
411032
520420
108197561865957785
35263
109839038316234874
504041
475010
109245347297909118
109806774268971760
37235
7179
109247224530447922
110270067576177177
457244
452630
411762
110140480874982434
429742
110025176693285138
109967151241124301
108090622806077666
271225
855663
37814
502419
307009
109324763743212324
109748493587232930
109247314325646654
109245691116344388
109525032251041505
422927
64109
503801
504442
476114
7533
109271389883350274
561025
108166048994006343
37723
1103575
110303836103075705
110292360723397548
7668
109247960585967541
485336
109251638799454918
109859338345954653
107236581118694425
826210
562770
109247932985287447
110309425663721054
110324142686608255
107594319691835656
110278176977235759
110270696411652315
110260652826711272
858751
944658
108130371603477611
109257981788490161
108130895370253987
492859
109244373787958996
108193456384702121
11967
109247996713543847
106687515070570206
109247025527949675
35838
109322080955260878
109249928482865323
109303643948405269
97715
109514960349073445
1060549
249219
109252880783720451
109243603598068113
109848683711765605
19379
110337687273954404
110328152780080849
110327556500893397
110308513823988844
109750717293235911
517450
465006
110282622764759980
110238773896832915
109257022677138406
109502687319110475
417649
2867
109372430251083827
109520737679801703
413650
149082
529495
109742266376197990
414989
109840273617801979
270427
412355
109507736335293192
109837654950493926
108194113520602290
109825589706721522
409456
213879
109520921767658271
411910
19368
73018
109751215304863265
109421758154895391
18954
110217231232820633
305808
31257
110238266234018084
108159666393020032
106545631994650313
541262
39269
39313
108196293286913002
3704
110111958056697630
110332446284485121
110328822437527217
110209558151936297
110323416262355755
110322609525495847
109117562843643469
110304427681067309
259792
109258118367768463
231587
110231996065328593
108199089520598416
470637
129438
110186589593588700
108198938747680906
9372
355120
559242
109207220144916413
109358518638051532
109245670508499901
109269506459714029
37074
40506
109239329926967800
109373774912342849
691094
1133484
109143197621035733
109256007478816142
110264608882255971
479414
110218635287785157
109257381459002154
110152285711267692
110097164268848868
109834626720928351
486858
109254771723925400
109301993416266077
466435
108134444047705787
477847
491898
109745705639493806
109548535545931573
455158
109538438731597882
108199274719736857
483461
109244642882507497
109255478133512890
108282607750436432
462260
110112222115849178
6877
1141551
109367520669610134
372241
7112
988989
108191474906970104
29494
7113
462734
109252721960593263
107263354127538753
17575
504993
41825
109927970018690108
569479
109837623232443191
109514210330955406
110282800393471665
109243252732161962
559121
110267550094041390
109251628927842911
108196326530908368
110244798071955149
1389751
27729
109247085860604663
109259296548994894
445780
31461
109511033645508444
42825
109203180809828991
7994
7164
109244852500494905
6564
460194
109848821539408411
109250264238494695
109245702739717037
109901711307479322
109834492035957294
109258131527913658
109246653174826419
109250606340368150
109856201017382355
109247058544402661
109253536615120903
415009
109984658838965461
150890
479027
462366
109258905744666063
426447
39511
501885
460215
451017
109239911912118158
110234441831324893
109259559097302320
110260756134295149
673743
109247949145862909
110235430929336355
109207849733206834
109252042062830578
109912459416411173
109303256623456910
110331067291639721
110309937896283830
109243471274551802
110290143145546361
110261309989237474
110248166869309441
109251996067972891
110236911451713872
109356259670614996
110203599410463398
109507943133419313
110202726903342953
109244566360072139
110186975789998716
109360932575273881
109245819569631153
109241950695530231
110010128841161491
5483
109362005030322850
108075078066062867
2135
109258336246633083
110327170757987020
110277418716451681
110194217114108584
110235624022540827
110145353318673168
110061135755144092
98231
109967554279995727
109556440556469081
109299812077293106
109309791654995600
109299190102887156
109253235677304024
109506761435562053
109527944903029767
109522831068187117
109546630228499431
109523243616954419
109530230917983315
109258590668690183
109497128081274541
109258398812615910
228457
109257154730086738
109240161492241732
109257202054943217
108197016137034551
109250709632612451
109247078226235622
109246762387181041
109247754439657862
109246004333443292
109256341631760628
109253306180601644
109208006181983076
13179
1014154
110318086917751048
109114181026276815
532390
110131583718751965
108448188257867181
109252904289279219
109246134207579462
109516014454473896
33134
110101086070541324
109259131421844727
110265496725738357
109989651726117577
109212514534475747
109909391093212804
109504515139992493
110189426046081026
778828
110300190989477393
109520895951083750
281456
227233
107005035556738707
110054406243455842
108757358331864444
109257920109095859
109670583684319565
109798710562344121
566451
110319804056837449
110321809470306782
110210288039426809
109249658402510624
109896633268069941
110198088964215163
848304
388702
109355407325670548
774834
109878474102216399
110316212240723108
502504
110300684254302954
110290823459192352
110237919368714885
110100878444442877
109508314644931323
108243340664949652
108196834675898876
110306593782514771
110243851856445348
110311665575350008
338275
37332
109246199302415148
108255147470752063
109181135688976319
108325084608307584
110268579076827894
109279783927299356
108198680850075155
106891870357172967
108220896544511839
515316
21473
109245008701228835
26906
31104
108198813985866611
108165187311439733
110299721259370185
109897219642422207
110238507947594853
110235159320527186
110026937401111171
108138608261174892
110032227117918916
1013458
109835239036581541
556139
110230623383625335
109988180862860112
108221564796174413
110080615993677018
109769124985891694
108291588973200107
108254765755300762
284692
839098
228566
109310659629859207
1373947
109375655002901609
233670
354718
110160197694095544
108089386293371060
108192912659492182
108245377360169362
110227105442846966
109259738495981019
109251182497178327
109727926076457704
108535884415174915
110012809639941483
848675
109251582243726943
108185561342436565
108130860240672731
109251599635255546
110238126051444974
338550
109259884175560705
307869
233292
109243491360500899
254322
107164195991686617
476774
108192933597578860
109750758256741885
109944185044881187
109364259768232698
109831528132733718
107834641082422192
1075512
109170875719921073
481112
137808
108232287785978583
109247641114305404
109239669903817439
109116366084508654
499211
517295
109246550114003592
109251630228963253
107893772122947593
108225133450130986
109142517059120091
454479
28527
109751690934479491
39207
109249740914901038
109258507138056335
109354086842463720
109251245935157596
109297280241538513
109259052854325447
3656
108197111951095671
501398
501360
1083018
109835905627463496
189836
107702387514435008
109495896649802553
233719
1075459
110219598903141068
859347
109252113097425969
16916
108135364036515319
109245499317182772
109860060274460185
109521032613939160
394214
109367248601575173
44970
1061212
301433
39545
109245581404129947
110333161450974494
110271282103020790
110335381809280725
110332030599266458
587579
110327854340549292
110326228691978057
110326002716597160
109258667861026578
106674239974358024
109869980627280696
313433
108198427852235073
108199159306150777
108238659101481513
109148323475864569
108197344272073915
428461
109252566475886731
108194332293972664
108317809481038803
109252172921558129
109246794984203739
108197106201101224
476837
109127539208809901
110337456220665344
480104
108196889704652306
110316878811057705
110064671446669278
216231
220343
1021901
106121216480524383
106501684214729141
107441234408211993
109157628878385925
109128072791789227
107842678803704787
519326
1074531
110270616511261487
106676472661385721
819106
109501227685628812
1127105
856354
110192282058227674
872228
110171127623063813
109897841743737836
377402
106685154029428214
110338054686751750
110337900178623596
110337654845374863
110337471847861691
110334651062139771
109246651839645516
110326940432568129
110321356873051169
110321034772695026
110320714392283831
110311340037212050
109244702093685043
110037245483172969
109247626137423713
109251982662635708
109257239992250931
293497
109141453133393271
110300715497630636
110194222265633106
109257136039547444
225892
148545
109498399846647189
108288020517021595
414352
108130860553852083
109246916829444846
864307
110013297611790182
109244505666233213
110238788426080917
110236415110738831
110310144980554946
110236408275106834
110310118350094823
110236411154906336
108267742176774879
109964839826645743
109246098692285427
109347053755836132
109996917819016926
108193566453639464
110195770848027033
109250414725026107
108080354922066252
109251636239901728
108194292023194071
109253597330192389
109238561618665920
504390
109244550476552176
108305281852114772
489064
109943389434941463
109247516621843649
332621
423105
10388
6422
20039
457848
109237993817448016
109250369631984535
109247833966682944
109245286367057567
332620
498898
994074
109245382242634213
109246464640438404
108305731584723859
110186311940675464
108196540051891871
109313583679608371
110034383513506820
109495560482987203
109247949856654825
109878394479678678
109853919992937027
108196965407361484
109245416048618717
108222445259583737
109353572849225933
108199223651837053
240339
108196924761482251
109252390287433465
291802
109358136410469573
108131599377262335
108266523402195502
109245120291878838
109355483321035664
108080257249480913
108255240651505948
108242924684781031
109250571723204966
109247497355382642
109259485801641739
109252734320120049
109252631871472814
109244601131308512
108426831108246202
108424032110825614
42534
109242745779246509
110321121300216814
109479940897252797
429099
110300452946873227
110299289872126939
110022768005487950
109244521994446164
109245950792630507
110222746661415765
110207083233851576
109240208881056769
109259244317822411
109257676825204566
107192220324249637
109239510282189351
460069
109251392294747886
109247836801912317
108194288824421557
108220943039375540
109244731961704365
490410
109359146275078258
108130696892458148
1961
1002040
108247961246393187
110201684239555096
109357764852319560
109993640463799153
109982550065145055
109879169696632974
109967365591434110
7292
109882508578681151
636760
108196848946592882
643099
484368
109159808134531383
109115846061778729
41972
108137041245438120
108193073369272888
108196846361964820
109377685322992719
108194492381720334
108197649054918985
108193811104401122
109239635775429357
36511
344956
109245851928352826
36581
109245787342537533
108266625701897741
108194493311231183
109879136906350508
108198473140872431
109496482211617026
108130695419475306
109242938066235229
110157724871884889
596933
471607
109734900908191698
40242
108222033861566530
108132627688998588
110270688546375608
109244325914632319
110249125398977290
110202654526689174
110139286685325085
110037196686826878
110125463143804078
110121075242577364
110077753256221874
110049706272976694
108194374292394032
108194424700417270
109257898201446504
110338062734611313
110328850137766755
109245093578252073
109253422427453407
108181245514997705
110232277016468691
110236252032234743
6457
110190704163165512
494073
106331029360801179
110176461041119932
110175401708754234
110128356396263608
109250759501769376
109992929573532073
109978261704996014
108197478826468295
109955159009507335
108186815533437477
109250757212369521
109913536396508161
109893583486216385
110016287780177560
108137068582298268
80506
109354861435048401
109248260429321707
109250331283083789
1141080
1078388
109353111661421186
108197034708147617
5200
110269730029266936
110312314654550493
110295315563048065
110283201160140943
110283267198356575
108183564097979121
110275469787532942
109245900821075074
110269667076345706
907489
507801
492724
109247633935159691
470976
488333
109245185115102010
488677
107828432451417046
108131180410330852
108197063380715640
144121
109256789219563082
614366
415763
108254123272743620
109119662168247263
108232094710141825
109353507817145205
1077536
108083772128836742
108198308282034775
109247007287130403
109259567310690326
109295962748316935
110270776133159653
108228502341336312
110249410838520935
109247800342906597
109938670433280595
848192
109247617633334850
109250910741097923
110308792108401511
110277665621518325
110255340645580613
110255151380037884
110099867044316158
313900
1184703
110203738236436569
109257722985061490
109298097169215679
951438
109244873408507552
108197390187020410
110271359150836946
108228796735866969
108217505205838494
110106181411404627
109241589676573249
110014736214075323
109245390019515198
532844
108730999511932603
108219921318477342
109246445732078880
108234576012458838
109251036460526663
110094926570395613
109876611213297848
109326926763535765
42693
109360473432334702
109247359032783958
417916
109256288710936152
109259087000976262
108198918715093132
109254778913855830
452399
108724808928928377
110276141749165465
109138303376161623
109250821421819715
108192796921306774
109245315765150440
108131118322108234
108194513323477977
110271859356835747
107388523185397699
110000068210605836
109989198852453395
109832884388312174
109246229585470651
109241401084937092
109257128551379903
109539226778042515
1127951
109245947979921014
109245181913466469
108237933421322154
107082489150166419
230111
1232041
110157887078561306
109879469390329938
1162039
107277610111695696
1197713
551784
110233646889141529
109354978886710855
110225280031886422
1085193
1157462
1160471
309159
1157984
1157366
1167163
1167185
1166628
110325860347786073
110302372192383109
109848808601633302
106872175620698382
109253578080585321
431884
110226054187245010
109258494895990438
110162865023318212
147937
22862
109259830445573377
31820
110052842215790186
320239
109960190035720131
109835529188868068
108165053108220032
109831600568462214
108494405727932593
108143870718439098
109258764211393412
109325235910082169
109956450497135672
110316156956402413
109696773170786103
109257056851693761
409546
109243623902756898
108228080828037519
1106715
470475
107266170046911327
110199790936049802
110320224580967761
1185988
109353871744161531
110315461906604880
1372518
110298229350848600
109377244287830482
109842985366316319
109354833502839708
109361463638254459
108191870706020059
31931
106729234359168378
109354869224076326
261503
236983
110190091211960194
1197550
108254732041701947
109361921546494874
10843
110240610240838814
109893879060319198
110213838681348468
109359996976692966
109262019486844371
503061
159735
106681619710732866
1642
849136
110123904828169905
109362150860974394
1021813
109243139631965273
109207667010852890
46035
76194
110213134812016699
110191305952044634
11307
110206947792046615
110235726660166031
110208715068192884
110165244829352087
110189663315569351
110260070641583918
110238270044674336
110245834888097728
110208706499268369
43008
110158097883745887
110005948204623063
1123221
11600
107031392946262194
994246
110015397020694174
1091171
893543
1055895
986249
11554
1071754
280741
653569
1012237
615886
554597
110123241054355467
1289545
110040584520654856
109354564202240035
1185
267944
109303953295472346
109363024028415403
109819256972922140
109851922410758138
128924
358035
38686
41927
43341
508253
107985059260247359
110223992915390968
108317122958793478
27039
109909109008830925
110093187917270806
108192901382898604
7372
110188258598559107
108195339420006316
110102012138586943
363154
34825
356177
356287
109247758317826336
110030990550676597
13715
109353830905089509
362583
229264
109836161243995972
26848
110162421446303665
110079404980267937
110087771878194103
110096817705217390
109350144084984171
834076
680650
455059
109295809348219596
244872
109259075276792231
109258889292151201
109213822769588890
109241478564406803
109385613730515281
1107998
149911
317637
110062590454359036
110189599503556185
110062451908264403
110035557140472404
110025896667908196
110036192390851342
109956474191191188
109258077601482576
109956859560146518
106974550102174250
109245796526603920
232585
570242
109243371263223446
109253199884600038
109253075745809751
109365852847978141
109753137022975269
109257620228555215
109957618961477963
416433
110022121312367415
110290865437440108
487429
769321
108192812866839362
425078
109959316841364934
110052317290058058
109253422611032941
109256650406083358
109995107436414920
856200
12108
109520768124043522
106948878504866560
109933248382786042
811372
249100
109258442742230509
14951
109112343155007061
531473
794575
109366008241401518
299643
109996939422891733
544203
109837565282378859
109246566022744808
110270785823371194
109906
108134015707254050
301226
109245927055418203
109244696568446437
413842
532604
108194609827269005
19289
109259030861394012
908190
108221322111838061
109246674691764177
109243405938957303
109258496131240562
109244501499995090
109363727801972810
109836324646650301
107662909664364448
109112460876434806
8922
413124
4749
98308
26152
938679
109251521117786955
108233523862426941
563235
507344
38344
108194786589981076
108079852239289505
109252499735503530
109254277798340016
110307075874992613
1038620
108287941816812032
109243902422545443
998394
109921557753860262
109502597667507499
109839480081018450
107990518454921286
108379380258974199
107570132528987073
10947
110188170603128606
108226627507427162
1302832
109259840191896360
108254504018816288
110259010016903730
110198069784180143
109247988548564162
110173335703448754
11900
108217109248927065
591234
109519491656517222
109246877346321125
107570141406354478
107570219077742842
107570228556312679
107842299723135076
107570185268536670
107570151325363816
107570195080929702
107566518328455139
321397
108234936460739780
1093106
110038355756913288
418609
32442
76327
791787
109247433807971220
109960204055656314
108047244745359473
109243849175609077
108087099149100771
109250730340559459
44897
109836999060031512
110311221572429324
110004327509565528
109252862737557192
452325
108231775424945550
413431
108192819221114229
109362240060871256
7899
7370
108193337842591049
21127
109242524500994980
109251512180800842
152252
37106
109244296094598039
109252053985608006
563067
498865
4748
108735397691427658
793424
455017
462172
464339
470213
514918
10834
18249
107266647162401648
108255036824909071
498439
108195327497013291
147592
312924
109889774636208232
110058957918944776
109375072506610249
15794
945848
109362038537618478
108196150488785479
147905
109257489847307519
109258950994668106
109326871853855161
109362313331238883
465909
108192823485674432
163292
109246035560876114
109319889536812533
109521039646126757
109357459634993324
109520730252405408
411084
109363124447369964
109248554302027183
109259234017431796
109504705081462134
478129
108194216811615901
109520466718457992
109285913995427746
34685
41703
235641
109246921462121688
108192883585347133
109365564251042230
108193157205871628
433020
317157
109302944806405775
109253379162546474
110278405834872298
110245510413172354
110106828007675127
110236416810508701
110120590076088133
110068844797354813
110036092583265805
109846594876287277
108130095316268763
14911
27847
781625
109362120801580513
109313757196787974
108230989312606388
109905760931335093
109244550049974865
110193594950223807
109259475732566097
109983004544819131
109521085983964405
110178533793174335
108237393738008627
108199340909054124
109288343678239360
109258205921472472
248313
109211581142759202
109256418789407141
109303621650239942
512879
108196926365234436
109362252597641977
109242396345555512
109286467022603033
109250796403402145
407372
41055
542528
109366854785058167
417132
110142901714255720
406973
450421
407318
109243257810618872
423566
109512578137333562
109570278991320371
411256
492425
414398
893373
109848551134522981
109742206677653822
433312
109491336352118388
109902209535747393
108219400627469985
388684
890161
23358
109832914419729217
108601068185468230
109241456286403559
151176
475347
109324029454032515
109737648715991447
109286378747788380
110160959680597683
776840
39437
411530
423457
452995
428004
428812
465322
413899
109249585517832898
426639
413544
37995
198650
109523208135675669
110324904397457685
247645
109835160919143504
109883869193452559
110297936523890681
110315518178456583
110299829583033815
109713484347784143
110020917951601453
109901809650970439
109513556063730409
466860
109924719223267669
213896
109250340641197078
428884
429105
108194302431034689
109806853379383931
109358702729409030
17735
108194978271977130
426552
361074
109751915509514568
412275
590135
109751258395295955
36455
109362297465704391
413674
109732190090341834
109590238477137505
427604
109731424393905244
414301
110057145331628142
109355158358560657
109248945403729531
109303507992208084
38463
109248982056696089
110284268358591277
110282353214451972
109250650546689967
425618
7393
488701
109298441520623648
18780
109208442152198181
108194428751240116
109253594853271941
110090604805416955
110267674117060757
110243163061855999
109945898820972220
109254519388773773
109497031534678908
108194363543185150
110255611570225090
109854888659417547
109258580737617925
110148245542148568
110177342320521038
110186847934569332
110271433081762575
109358501985437520
1133225
109253123235743333
109289732162285804
110245301038806501
109297267936822269
109212174332818835
110283306816915201
109489886193176807
108199005031226769
110335396783463183
109371010876960470
108096549429858561
108195688151224488
110330830609229523
110333379206450960
478928
110324967118127980
108302362067589731
107626536838930478
109510102197546057
108195440822721895
109363234814921532
110191922460539237
108736212683121526
34380
22978
109245152864356162
108195816983123780
110333519480355867
109310449422871831
109345453584444177
110191190968313343
109514468038986333
979873
109355931159025349
233513
109512943843764183
110128881170754187
109248207518940576
109501593453578120
108197416610174430
109322548583852442
109244167144892941
110186365892764871
109246757955923998
109245493701529453
109256248680647804
109521021997344992
108194698448048379
109365583353019413
109241747522482555
915779
110129187233917029
108193026303173894
109494900275180375
18980
109245333386770478
108397114514160252
109257506250047616
107157579992018052
109345338467464361
108192749563716625
108192877612320096
109520956263536026
109244270108178344
213908
109359596978835909
109355638826449214
110105498733906080
108028075982756589
109333766152893700
109259960879305242
430844
420049
110193061512348087
109520965254823065
108198167781154092
109410624579143588
109988543207561088
109246783472356848
109249184587449048
109517666395723923
514174
109257839126102333
842809
109258619110170081
109507753526098607
109245445206214161
108192869914770498
109970129706726671
110124325847156074
109521001072988593
109515680214374940
110051288251479119
109446314441701154
108149067009944113
1099389
110332644794639999
110093097442295838
267707
110054112383538740
8407
109358544043904637
110199527609916731
110279098407870570
1148925
109302708529461352
106641909039230162
109871046224749359
947014
109248432228318324
109554583679156981
1147004
639
796360
471486
109123198796603525
110033951331933687
109354841839150810
109509278683320675
109259204368637096
109362180600438734
518962
109362117674842676
109362049838705615
507941
109664328067494768
109499473942047878
109498134117683777
865177
109236050319556174
107408348606110812
109257534972444203
488468
23130
109242302418929529
27204
109504019728644034
109520500303623958
109520917871930735
109303573410470728
34846
109325728101961326
109365741670604977
109520869760080195
478299
109493708384540699
109423358069198819
109406276856242742
109302825375925079
109253654307358400
109195832678834238
109246056319799027
106692734820466475
108249883651507716
110194051854978905
109149681195371910
108242556686969160
108418587495589229
108086243167677146
106607324769304853
109183654412065041
109143339523294436
109161749860051270
109159853617569971
108016727214444656
107132874231243009
108556321788702209
109515863347111345
109243184625908674
2400
109246120984435842
774314
109714028472236238
1373269
108228865650734595
109508455103982400
5478
108197274726039240
794735
597056
724754
254743
108439069617263722
450064
110307577409129886
109252769604967805
110272644164233510
491213
109837834317374255
108194771998127547
40736
109338566213668134
109251842210716034
109508746285939730
226196
108421473463580894
110151667429641280
110294779566355938
737227
110159127994734529
110188302149006920
106919732872456302
110180969955669676
110238659229967263
1400110
109354480884187101
109446274594525990
109341947672936000
109926818497843210
110106510564511633
106390121248875505
110156474041365214
109377126590125657
109257994366521641
110271482630407979
109253784987270857
109355684545034524
7563
109382280197305551
109875513623818238
109303386746080416
109243932266873834
109242900938345669
109257646014387336
110158544253936664
109883398971295892
110271479189896786
110228883806189050
110080411736292654
214444
1102795
109312161205291252
109315862541029586
110297424732425153
109977799565156430
109295243658274316
109502108872234344
513224
109395700466369503
110124788339892680
109520606323846766
1132551
108194111052609685
109926865333535116
254883
265704
109361723961643387
110095112325491525
109255094752032882
255449
512629
110208902262079849
643910
109247398697341845
110192471998895979
109518302727793789
108199081121116306
14501
233537
109994215431894244
110105158000876255
110208659901480216
109914899851389317
109246823249940290
110102569928541991
109312476472693223
9289
23439
109258929627988623
1312
108192922247613323
109297712949714412
109311771164706986
12488
109502785307392602
13327
109353288131189098
109246493122475207
110276456272472778
110284256838102170
109999388974821614
109360911733134051
110136741074344720
109353286119160414
109247700038950255
109997955878555519
109855529392596516
109949443855092769
109925980607265848
110157410573418914
108197153950756616
110295029761089151
110299031189156388
110267336382886816
110249873396492936
110221608957835443
108298930795617807
110233857513621368
585779
110139910594438882
109211415302388364
109508846858665050
109365785398100801
110304527285791575
108194890308088987
110192908506089827
15297
245513
109555394595763530
108371077521098197
110306343720547787
109514869210871564
109853101423463227
110183321397398051
110262160933440723
110241302971446932
109378574828687453
109500655092811576
110171862805173001
228324
109365732643916116
109246887828090188
239153
110197712956737771
110187508156115519
109362352461363168
109363195973935823
234391
243058
109319055728948226
109343220833779853
234451
109250232667562970
108199239894423352
110176067171527142
109504623763240064
110222542023575291
110193529701116297
110091234145442962
230110
110206223576257951
239171
110263375615559090
1096793
234776
34456
3385
109508358203673163
109258886833731683
109306445115964885
500814
109254526928552663
108199218293794300
454545
456612
270595
109855958597725122
466535
110216918429707365
110183131230422396
110147646233788624
109311877853542186
110064756318572454
109520935955865333
110003823416082657
109259127563812354
109911008009582627
109908793033516664
109858396285289416
24604
237881
109837508570525217
109243796438633392
2500
411551
109331344288982808
109361468974138348
109355693300759306
247392
240309
109514415620490130
109365832728484639
110101006089057716
109759084361309912
109754609688587908
14825
529381
108236313613334425
427234
109245242154847803
407663
109505744300305038
109310319093555168
109378216777409944
108281776063545151
108192620577598422
236002
237734
109298168342647923
109288494901057238
110324065306959120
110137431435843486
110217114005749062
110187496482760644
110165232347372656
110162382561713868
110103751115323798
109971742469518339
109833957341292248
109835721581136856
109840005935666267
109113245601271718
109520949079004284
110111439865645058
110107877918677266
109354896688074532
108197020813180923
107215301464188384
109359236286880481
109319212018658281
109314250211189441
109362126767774355
109292155702179100
41428
109338950845363040
3410
109933954622400621
592126
109863975634976386
109833406505177234
109204562580227593
109324816579380609
20157
109332200073634154
109360245546283193
109258119504438242
109252578714128328
109083419198296192
235055
109311982070131871
109369954545734873
109246544411385477
109313183434579241
205307
109359963463762937
110216164139803957
110108085128495120
108196081869220237
110060356504532714
109521016706540613
108453885776246223
109311716487994375
109248582728948363
109250129498746056
108193385994125194
29210
32163
108323099571943950
109247973496920987
110158953764991335
109968565309900843
109247361665498996
110101044561483302
109893573369768530
108080208982204889
109870698356811841
109311593941296482
232472
234966
234948
823077
237135
267983
455152
109363847269622801
109372805338540548
109328074638035706
495657
110075920545593764
109950154305211991
109848015110536905
108193950995077453
108134926159990526
109246431255010330
109245836954218164
109312384895346050
109245662937354573
109248951111428970
109314534140477619
109355871941103774
107605891072055397
109308683337831143
236023
431516
110222301694862930
110163852975768691
109695769319954890
109855519094879965
108197351970179789
11007
215357
257226
409457
109312916779019037
109316204406574421
40107
240577
432977
108192877884661719
109314139690951296
248891
110100424673217522
110268085766569872
108496823743334301
109895188651270736
110202213071068315
109181269051161184
906328
1163463
310441
110292165506520125
405609
108170678522965238
151275
1111546
107770491449575688
281230
1159935
110101932375895415
551018
110085036580323079
1074817
1058211
108146646974280552
467185
109495759427238792
109864080612055745
110315437606630192
110321300839106908
108531865291947916
110201612528639347
110294877779480820
109341817543357799
106763825004396448
108245701221172049
110227391072538728
110195810345564569
109521003148678105
109366495876760697
110253784617087731
109354531116112476
107570121986300070
863411
110253146766442672
109834678915647355
186947
892407
887590
106120038563244614
110110252253037953
110117276380350077
110151110391982137
110169954367927549
110181110958711561
106698602485901759
875657
109833194209881077
110111851435198504
887629
110250932669070910
110246771431666857
110227118734071571
110230530900795056
108249528498753260
109245757987879372
110102509846732498
108193977935880497
110208864420281855
109514068382344168
39759
692352
39583
920147
110185759936783569
110116318010595960
109518128921117397
44340
110173185311307824
109748475698216780
430959
110139614751046404
303576
109255406191199919
110133185596943218
110126123185417679
110119952587400477
110101500289970055
110104498606495682
110099151470165129
110099208837126036
110099198808980283
109240177955647886
110057032763002497
110052377690631075
110049676427877023
110203278319255302
110203215461264940
109355406274107800
107641
110052233039838262
560823
45908
109258055361846298
490221
162276
26462
39151
109244329250526826
109256978346492295
109257985123465284
109258555378057187
109258337743030147
108194263690022440
109507931570566279
109236882464958139
109246035497434890
417330
109512940238834674
8512
110276895930817720
110233551913400516
229909
109520841634842012
288600
109506395290618410
109257566007249647
109303794104384037
109364311894373023
108142603493060428
110068334190729797
28907
110205149529421460
110195935401632337
110154750674692151
108192734611270032
109246987318156424
109251963413756998
110016084405229515
108196796985093018
109490508160371149
109251364677092787
106398550851540418
227313
109288335611280273
109514093864100121
109327327900950829
109303171741092080
109447224294183229
110290201785078211
109944627828272775
110292275632784131
110251060654786320
110171076878572486
110055883103514756
109990192469613381
109945923505553492
109362241251053845
108390124684993425
11304
109804481224564530
109876167851411515
109363008666861466
110245077464576014
110099715497683200
109524223223358040
109852410462840995
559804
108192785589476729
900334
110199666595633133
108137403731913653
1302647
109386764007843277
108192636723467072
110141632173600729
110135567060549181
109858905805368016
248458
109925620238076093
108196086271676113
19198
109502822358134074
232491
239112
109316047023246851
108099582137914682
109312276857528427
109383451693330373
109360046464301459
20939
110137604882871551
12126
364042
109355526679906887
109832730613083660
109836888453939462
1042304
109357671122335449
109253288464043190
10898
109245686536259999
109253957285615066
857177
32603
240511
1040257
12145
110201991008851171
110246225536625491
110046730125575825
109246530404595912
110099934589734216
149038
110102896835017290
109250600649696451
109978350964193432
110174898712782710
109202107228190094
110077739428136053
16397
109517106343029067
110111183611920750
110105415435951574
29910
108199182857196886
131863
109258655967934621
409183
109252650325128475
108194503692748963
108244895765982502
107395175004876041
109836797527169643
109540609062743695
146692
407544
35126
414862
299282
109496527393585906
109935768302214962
109986296113413949
234162
108433009658222631
110029641725939338
109352946758688495
296330
108449531775817749
109393630641783355
1014439
557611
236371
110201046055198851
109905331244450889
109900701731429656
457739
109246702362626689
109354069933492315
109321248288007586
30437
109246398365101717
109513863369523905
231610
109361222609324380
108082887629747140
109747895938986102
109795650318013893
109530960192073250
109756502435201757
37209
417674
32593
109421730799606666
108198789188705333
271409
109898431337372427
109984797628315065
109745579303303130
270017
408107
270012
11164
130666
110169948126800327
110221393171119882
109143855050330842
109362072591569696
7541
109850708065369400
953825
109233852544050661
109233889905941942
411506
28517
106636917580822504
108231765051965777
235426
110181229824069598
110007233364530928
411658
18824
108755206358443010
107069193161825464
106245461235410056
15620
919210
354876
594638
302930
275581
561857
108261645296215450
388180
393472
907972
2894
11959
404138
514066
402699
402306
42000
39378
191532
110042426975484691
110061783573928831
110155898104747623
110155654579827693
110156431806037197
312497
109930456464990040
108295141756285097
109508139845509767
108197988490768678
109360945885987332
109252440104574672
107152570609602299
109245071013097885
109375463669038714
109547044386108688
109238321019123799
410797
19116
110276033657187542
110204666093499477
110201138191268129
107613593814761256
107837586855967060
107676943256964450
106934654311685455
1195373
106765623337430581
106576731062073178
106454095994023200
106302507551207040
106218606329980690
106131196176376198
771759
1153255
44881
1043169
1022031
1013741
1017382
985277
984276
616017
939736
933370
232337
826149
516784
419325
405346
318682
303727
233283
109294131983141877
836085
29059
262430
237977
244238
213708
240579
230196
232210
169998
22342
233071
27674
22979
232307
110155724119325483
110156828163477130
110155878208070014
110166304923616945
110163445381690264
110156441549136439
110156634686522976
110161116424159367
110160632008074867
110156390630371660
110157479068389197
110156570329545135
110155987332481965
110158276692831131
110157892057026745
110156307539065758
110155968509373667
110157657808414489
110157528486765220
110156640174762147
110156666334618452
110156170930783532
110151029516861894
110157552965703682
110157531125629008
110157418249033909
110157463356255960
110156462969695192
110157049520473216
110156399053586450
110155495875837109
110155850430241341
110157143272605845
110155580213977977
110156638532655814
110156573853947203
110156325473483404
110155602478742007
110157103792069607
110155774792572778
110156313596402301
110155871479183721
110155883430535370
110155538587482751
110155723897827604
110155864853171023
110155904213895089
110155752636172915
110155679152515673
110155622217786556
110155625934257817
110155598216706923
110155693408050362
110155707621858743
110155566244466487
110155612376216284
110155649354210876
110155505328864264
110155564876196021
110155533861214097
110155556085951605
110155655283614818
110151363547332188
110155568789651708
110155773597836166
110155782029843899
110155815943516744
110155680178507391
110155730285936030
110155154955398699
110155754533795352
110151442512265454
110155665002596813
110155609622858930
110155294684670437
110112275507297884
110155800879690609
110155693805082112
110155485424503367
110024221331388839
407859
670959
989179
311763
407757
407291
408034
406544
274829
27433
406050
407009
404069
96159
406412
107159945989431637
110309940969985593
107365586889250849
260313
106967257180292663
664278
411670
107571997506779109
927764
1165025
1164503
1157858
108246610403006995
109834655066149859
110181000000038953
109362219047670363
106862593371055771
108121326980695804
109253076559557048
109256621801520562