Nr of users from mastodon.social is 3000
467185
110338354876630667
106862593371055771
110338323725152977
108131205923482431
234253
135983
108192971336710594
576400
108170678522965238
310441
151275
108137403731913653
1167185
107770491449575688
108194500797151108
109703819908045678
1373947
1197713
109386764007843277
583258
110266162634306901
551784
233670
110337577511715670
13179
1169513
1178677
1075312
110316212240723108
110249278825784880
110296613642131382
110068921406778348
110257533091582967
110235159320527186
110216164139803957
110185264174117116
109521126077415442
110141172424536208
768243
109959559313276506
110116738758199334
108192817874598997
109243475470058660
109521032613939160
110097209937815548
985396
72915
34825
109481703677631926
110287009221772120
108191888108881577
110336810032204941
236983
110335260118556388
110334858133285634
110334412308959203
110333940415482698
110331332319888883
283372
110331264288919563
109835905627463496
110330701266983564
110330082756357011
1054946
110329981975421983
110311595528427251
110328163151313813
109248526312770186
110326762560106882
110312839879368729
110326153984323080
110325939273613818
1074817
110325721015187459
110325110221880543
110324659979181241
543738
109926501909209867
568402
550682
108193052064326899
109357765100208950
542906
108148227960800523
545632
108195033451097683
109820307545467447
1051374
108136890435089429
109837330637244644
108152875119810669
109879296601187879
108194647713846662
1054259
109245724693635547
107071005357400061
465619
550655
109380995405841226
549646
543827
108194059633134146
544423
109312390389646551
110187927574293327
110190963413969648
109501973780104369
554120
110017885573428188
110007100130407025
109990341112118150
109943176517627514
15930
109865025092396275
109514413321193882
864281
108198063959107461
109307167589276680
109494934701003264
109541992571059655
109536931896762445
542347
109362281438316068
541912
383993
544523
544575
543040
541897
541865
543280
542910
1
108196915344388766
110316608703900043
110338263636930645
109508361690827317
110338122360605258
110338067547164814
110282715588086820
110337982520817019
110337928876531210
110264303951944558
110337936982016995
110337914099252774
110337918305315973
7343
110337789652786039
110337717849712679
110337716216742357
110337743960560751
110337685965053502
110337624248141928
110337619196813176
110305575618276267
110337521735354765
110337477103728810
110337393455104047
110337331401403007
998394
109860655675869429
109898431337372427
109521003148678105
225094
108080225985964573
109314139690951296
471607
109243932266873834
594306
310380
35493
240339
466899
1049598
109496792342275928
109250224176463730
1182835
1073162
1063389
1047407
188342
310164
981070
563662
506972
467644
467382
467136
466901
466992
467063
464690
467227
467121
467292
421504
422107
106845971986519754
1196676
1054186
136102
1036029
133594
890471
854278
554846
515240
477728
495989
476896
475266
475258
467127
436729
422173
470898
470087
422919
430392
466454
465888
464992
434673
464161
463625
463220
459033
424121
565279
430848
430544
430644
424717
256289
428253
422574
423414
428525
428313
423690
428408
428412
428195
388854
424349
427813
423961
422139
424922
424019
423415
422214
423990
424031
423941
423892
423163
422608
423234
422737
421893
421658
421733
424761
421468
1049241
544815
393002
490845
429153
471304
456335
255984
454302
467726
429082
464586
463923
463530
457957
422477
463707
463558
453356
464613
154544
855379
678908
509224
233420
14295
310491
463433
385365
614185
623160
565568
449787
572026
570475
547709
423491
552833
552259
550835
424303
458122
422871
536285
544192
453393
511710
544215
472783
423544
434316
456846
439426
466739
423022
423484
422215
428716
434046
471371
434328
424252
422145
466153
424411
422351
457964
419919
110263795503069301
452352
109368424485986744
424253
109355057916391618
108194834698737905
421692
108130385047215702
553962
434992
435191
422192
431303
423116
423181
424690
444590
422170
450696
454346
453171
455065
424372
442143
455490
421603
453672
424749
455996
421883
421685
422604
456532
456976
457507
457584
457951
458310
425085
423839
422278
465896
168059
781599
422913
424286
430722
459337
422176
422461
479277
428685
464536
283798
465245
434307
464526
256068
1031033
110238739332048045
110233275457102863
110220424673110160
110208829062523323
110207672519747043
110173068017225711
110166409183934382
110075053605062563
109936441200030844
109833569763518745
110254374036163599
110302396259186893
110299931414359661
110300179416622649
554526
110238890333854425
110238759890042149
97124
110215398954772237
1061706
110197011670071096
110137993083220800
109998955324042563
109952926849415678
109907558209930493
110338379326116722
110338372453724052
110334243995585254
110338335214251764
110338287428167616
110338280809745819
110338251208820673
110338110113217017
110322494385161285
110338207003510669
110338170793764860
110337996222351221
110338132136910897
110338124192281363
110338052913889447
110338062734611313
110337747659589053
110338042328027630
110338034608071536
110338027761564640
110338016053225599
110337979454658500
110311318396834808
110337945321715247
110337954699289514
109446314441701154
110334991736694551
109373774912342849
108074385703813775
207779
110101706070745320
110141867641812043
108243340664949652
110253249433050852
110257743175939764
110323928744089888
356177
834076
109248945403729531
109246841088641986
109297267936822269
108279580161997438
15398
110172216452857572
35703
110330482579734239
109855641686800461
109518302727793789
109253075745809751
107134705241866727
109514468038986333
108448188257867181
1133225
108198957325682787
108197416610174430
110270452762857296
109247494745716764
109897951549644550
110124034395561345
108137144223981265
109982113847829591
109840423859288865
109994215431894244
109985373171808372
452433
109837623232443191
236215
109978350964193432
109252641004817428
110142227661515320
18076
109518493681438932
1148977
1102795
1076181
108199182857196886
483391
417330
354718
26897
108227380844170845
913818
856707
109304031258010132
13327
109297746519185245
109243803422695841
109253594853271941
109297786813914827
109506491539512767
109382280197305551
109297280241538513
109224415414500824
42515
957974
109520869760080195
236107
413842
108199052370473764
108132351498249605
109496470550280796
490031
10908
109866765337485733
109818681786949224
425618
110329266377748667
109519265007231629
108194698448048379
108197900630052143
110128881170754187
510714
109301823763349559
108196985769865137
2500
109246502245218389
109921557753860262
109257491240083118
109246333737365889
109885392474961234
518962
108193163229606399
109246884833502206
489213
1021813
241332
110103218157729413
109976291107699283
142948
396284
108193376617364330
109502260753916593
108194503692748963
517434
39223
109362134559903607
109952489715223710
110297051239289897
109512646116853166
108345781050254327
110126592142093303
109846464538719873
39869
109366355876244350
109851922410758138
531473
110271426858781903
109244847047894222
151687
110246431252124731
110240704467882554
1372518
109295809348219596
110186365892764871
109297165955005600
109292929514346332
110324990418813098
41055
108317122958793478
109241462721783852
107570141406354478
666445
109434496883816897
108288607816054957
207529
38659
368853
199851
109446274594525990
110181000000038953
110272548976686400
110300637407091111
110249410838520935
107569195704109018
110107007123925919
110281331941985954
110222525079396267
110238659229967263
808827
109358544043904637
110236678941801409
110198709494265197
110215664762224200
110180368192191263
1100598
109258894504391015
110163745975605057
110147246300611193
110299721259370185
108512963407114961
109212514534475747
1013458
142950
109834655066149859
109244913339862105
28162
32052
1066163
43497
107404768049169360
858602
109932712835650966
108130577301300390
32090
110235944975201250
110301049210545519
3840
41428
108197561865957785
109512943843764183
109145442989604356
108308899360823576
110088839669809029
109353111661421186
109252172921558129
109236750984495970
109248503863717802
864307
109254154653602960
35393
1185988
109356528153788324
109309677101368111
1013083
108189711256823244
107878459636740939
1014154
108228576458351796
108137483495173711
1054077
107814622992440642
1053207
108191698785174707
108146726358459080
15914
110249982106063954
109354564202240035
108202198632734288
109258442597585947
109251841898269891
109312161205291252
109364259768232698
108229688297098071
2400
110003144068610454
110148419261370140
109258530142533008
109873395405097025
886047
108195782583933872
269108
108225205597310753
107099118853962466
110198069784180143
109355050369648745
110141323960793920
109874850509736875
109355424394610715
109925620238076093
110311672873903497
235237
109251088201008636
109278191964110096
110085036580323079
158651
1400110
109354480884187101
109341947672936000
110151667429641280
109926818497843210
110106510564511633
110332446284485121
42693
110286033962329293
109247514295364421
198388
110303836103075705
109248434943932194
110292275632784131
109837834317374255
110285171071775934
110284256838102170
110281112873331199
110015350407560779
108628151286192521
109258618179672597
109251351414322044
479527
35449
35673
26482
41233
39378
40987
37723
33569
38531
7460
413124
109520965254823065
425635
109345377399347187
109242287810812567
110201612528639347
110311242780376590
109586675115994197
1099389
109337034594414263
213872
228566
109258148192820344
107990612893998510
110164965398345688
1086482
109944024214830458
897164
443450
227233
109303507992208084
370923
108193979208221411
109244800157066098
415897
1134271
109834841467204239
109181269051161184
1066783
502776
110321038505162376
108231434567308790
109246950983195476
110095617861900620
109937317731860204
110273457841120162
110243238838126470
109895188651270736
110013513009205592
544968
109312926434105839
1178730
546771
882464
109294796630051590
172075
109248075127289761
107247800551279095
1102626
478903
108198398220113565
1102601
1103998
109256398299440065
109362188628181313
109257056851693761
109354583204611081
1293822
109245445206214161
1101869
108192699247379320
12479
109247684428692986
109252246015128731
364042
109244566360072139
286497
110116700639670602
1075582
109251612325890532
42224
4994
109883073643614690
110245983732404430
110054862171828704
39881
110163041378126279
110137408707520756
110065815290746167
110051225299037118
397843
110036192390851342
109919122593799992
109907524583293904
109863032000864673
109859097978803719
110147406665714826
109245181913466469
109246294248348606
34720
34795
4094
859347
108153014399536952
109500844703594649
1103382
109246187123057295
109352436465014172
832178
106936130301398239
109245104984909307
110198503264104295
109505340828683623
108220710009188523
108197646471589628
109248342788902186
108333486886329928
108198430898668646
109244832865170290
109258739523218107
108198728767267029
109360012572432178
109360832797377108
109332771789619648
109354086842463720
108197101944436966
110153312674317138
109251712387301071
109257366458655544
109355185712138608
109258912866657573
109249740914901038
110235589188512954
109879254218966939
109247577464178245
109258482743235692
109252176348392937
470230
479528
109254118266829279
40837
109248446489002854
109245986678191025
109247623035883663
333889
109256802750279454
109252709585979871
109244190113336550
109244556070702966
109817170560082853
110136067790387129
110147736542359733
7899
110336212131318797
109816072942314404
35317
478778
27311
108228796735866969
110171333435808338
858605
110170301976134943
44970
110040584520654856
110137769778708941
17635
17888
109245191741397935
140032
110091229773140773
333546
501398
501360
41207
110078468717986725
109262660438513418
110044621452942914
110032971821407358
110293315580894765
110288646216011801
110281618851582921
110225524474924770
110223445766625735
110212942183493288
110186281149680866
110170773469679588
110168842489034189
110095494823838705
110045112965022035
108232659246328647
109898539847779394
110045299382071085
110025896667908196
108198262470016155
110033187596335013
110033103763324711
295759
108198304603064473
109259052854325447
109251245935157596
109256626342575282
109356619195105273
109244851022379091
109243972988535974
417683
1012267
109258281025217490
109999536360562389
109250590404759409
597894
329217
109251868301057374
109251743840106127
109258507138056335
109258442039743198
31104
109246052712213712
109244448361818372
109246305001351174
109252463740030827
109249853919411037
333617
109258069203675632
109247091486868499
109432286654994334
109247155559194140
795533
109966951068659895
110276778518427650
110255826678026320
29020
110194702745487857
19912
107537147897164636
110051134154918593
110029016592319301
109934186803768835
109929428063819272
108194106142852945
109852158387108066
109255965137114727
110024240018888794
110184719719494036
110266008026525592
110258168463525914
109503500041001564
110219308210750862
110043862553277393
110198956264696159
110197744890261330
110169244847305577
110163975770098690
471283
110101679334270734
109355650361361341
109259358007842156
108415213450608222
109367728689038437
109257890919229891
108197156408892344
108227032618601145
109244783974890421
109254087829882775
110139517039816271
109247489424694135
108490784335072913
109258009343975439
109357222206631733
109358145035702829
109555264668133381
109254270060851332
109304242863693266
39313
109251813942225394
8106
110002547984077567
109984190960994281
109241818937688745
109354122970223641
109497095708787195
452325
109354439158550135
110324101412820485
110022430967850296
109949679195211820
108556385947568035
110085248991278468
109936865777793374
109954139947692971
491770
109923291082023548
1302832
774003
109864507265242570
109848355792039333
109258822312596174
109353090166341457
109343597755843784
107583965100246510
109502781980488035
2392
109244737988811211
454517
110198159737282799
110160361201812538
110146960505127788
110123751729887880
317483
108140798965317764
775498
109257723053770341
109245036454887636
110154679621522550
110000110024880389
109884760249411238
109867712009805763
109247322895140333
491969
109751059276516344
109251430871982525
418408
109521358137474202
109258368812540277
44355
109251688522878039
108197111951095671
109258462551478637
109247216323384189
477025
108198232700806111
109304220489790088
417044
110173199743494437
109932027846607108
109214577112304846
108220632833834870
38536
109520411116752837
109500420327694700
39404
110327999379940611
110140004193423533
110220742143647913
110100083235734964
108134286095866931
508953
109256372276901557
665963
107176689293481597
106861548075723444
106567264800414709
429459
1007991
597699
823279
295899
286954
263495
217930
39677
35243
34804
155912
466842
109994438448391724
110055902064135403
109892658353775694
109855809378994678
541154
109841912266448964
109499960471825072
7672
109252053985608006
344967
109862755092427015
109836157476681703
108198806426667939
260177
155209
109515987390306204
109289864107765744
501392
109242319305615005
109247831975236827
109243482111211156
109293684919009766
40174
109245920739422010
1057792
109258321464959435
109259362396044184
148649
110238507947594853
373459
110196581333708144
110140149337938315
109257554026516761
29803
109948084691335658
149356
40460
109253645020052017
487289
418370
109362070358840178
109690009884837127
109751690934479491
109367247735803319
109399656164025770
34668
471486
109245858071109251
109352898998437139
413764
1044668
42539
109250762100954745
109500762279238057
109259085745030997
109325776150016349
110255340645580613
108225133450130986
418000
109799720028900325
109322080955260878
804318
41822
971272
368878
110306590558073121
109252084788740831
838307
34232
287765
109372073628325849
366905
504507
7133
19175
20210
5057
4898
128924
7016
31260
109881976595472170
463414
110306958309737289
41452
215795
109245466443145826
110145401722055295
301226
109648744105191077
108218162492432709
108196997005808148
110032221864228600
109847004051001704
921976
42615
109353541626984357
109248904556963145
7590
504993
109246807542808305
35263
530791
109751366045248644
226811
109297398986133429
108196943427759838
109742206677653822
512078
990664
109745579303303130
198650
412906
108114774141041777
1102
109748571159099572
109751657888720433
109750695623530249
109750345998766599
109749923380794376
109749921620823591
109749912944866074
109749908587080873
109489911672843661
109685027532807539
109756433828552098
73018
109363947734413931
425388
109544332896078440
37630
414862
109293623877059792
109293524151946362
109353744428166559
414726
559242
110237544194878426
109937546799334914
109243906128710287
21100
109854974157646726
109258683574845482
109520526200424877
64048
106858809146526560
321006
133576
38925
109508374503198466
819077
106742905670835586
108268589014559660
1153672
106347120457031193
1011960
1155201
957065
866767
1038094
1106096
1189496
1154644
769951
798899
796360
318175
572603
20976
133752
1156509
1181142
918950
790419
787692
802015
803643
947313
22388
956250
947017
296257
1026224
33415
110325191018398283
37257
110258085666633886
110269545840456858
109905550284341004
109245782604128174
108196926365234436
39545
109245596184376690
38686
33658
39339
30876
34944
34550
13653
109258768109778160
110336122973325732
94450
110333200179674722
110328932768888485
110327879182739343
108192954036501396
110045321194138490
110323263745571217
110317300952895228
110318934090899236
110318245946679365
110315563933728801
109672514200232994
109751761624822729
109355241106476625
109520854391173764
109500946261449621
110295465673300865
109507704591544622
485390
110279675384588091
110254522988974522
109520850019219171
109493145275935692
109830842929889165
109751274951954469
109463677839960406
226196
434614
109288714951139076
109246123088278861
7047
110273355480192535
110336104981769626
110335859511661867
110335514645371259
110268564118713681
110315567571138658
109223120704782082
110333627139613151
110331589546597555
110331153401420627
110330368435189714
110324904397457685
109365637333325205
109247101016343295
110329788353092884
408677
109826383199852426
110312389995279595
110324885319677161
110268013884707059
110327093076800926
110325952833284679
110104129577370802
110325073715671956
422374
110317076616350427
29188
109756060502028020
109802858373553878
109785528812457433
20985
109365985058177248
421449
6933
411713
423566
445781
109965360536944981
110273582805419646
107386210085888239
133566
33524
480646
491398
425156
108194123737034469
109350998390926334
110337897936742971
110337199700126941
109717358858315317
110313719392976909
110330246012200527
110329779981067377
110323572727569059
110268103509279090
110317736420145044
110297936523890681
110321109972409586
110315514484284656
106674861216680603
109500848499381049
109502105192828176
109879836703466913
109350993082178434
110336604220218784
110252457171607189
110330855116714189
110334846831116740
110318237243444035
110330413096688124
110331344812697990
110331067291639721
109355168241605743
110329170125549529
110327878201280016
110328822437527217
431787
110134767117089073
110337841226130839
198833
110337573430050574
109839285430416535
110337204759519641
110331193153415223
110336976686961009
110336793084065058
110335600182199448
110336901648012263
110336731746435708
110336846088010300
110296101173080309
110336650972007140
110336757745644119
109374781925029697
110331627002935053
107182135507017654
110336353228233789
30959
39207
109259928773027702
309432
108047244745359473
109500217333160595
110300684254302954
38463
109243902422545443
110307075874992613
110316745084566625
109558632329136061
109508746285939730
109252708329707951
229953
109246783472356848
109258494895990438
109236857884964816
108220746382713279
109246024963370206
109246020815320278
1005018
110302372192383109
109848808601633302
106872175620698382
109253578080585321
431884
110226054187245010
110162865023318212
1389751
109879469390329938
147937
22862
109259830445573377
31820
110052842215790186
320239
109960190035720131
109835529188868068
108165053108220032
109831600568462214
108494405727932593
344956
108143870718439098
109258764211393412
109325235910082169
109245702739717037
109956450497135672
110316156956402413
109696773170786103
110013297611790182
409546
109243623902756898
108228080828037519
1106715
470475
107266170046911327
110199790936049802
109864704961690345
109247088581832683
109246031763104479
108402774845992045
108147087055662876
108199168287836002
108197384475289958
108131761348749500
36736
464328
108192751878291305
108193418163667706
109115846061778729
108194513323477977
110304098626358893
108197206903840287
108194492381720334
313433
1142199
108197130005003644
108197498105336706
108197019313257224
449624
108197311702117142
108132457963672767
108233223325413907
109244746641997730
109250821421819715
109244499145918891
109240604570686123
108237933421322154
109359382704151970
826210
108311085751371449
950954
109138303376161623
109258623452111080
109245460401089108
108136604226658821
108222033861566530
109245195682146373
1007100
109257401964025853
109512940238834674
109243139631965273
108197274726039240
1048706
109195189123816716
108220707715944660
108432951657310895
109245662937354573
109355484332861770
108222445259583737
109505764863823442
109259335557478424
106662767351580375
109246794984203739
505934
322420
109245947979921014
110271797207746720
492859
109257206614345754
288783
286253
108244802264805972
108135621105691612
108131499702513772
109258902722417641
108334111882373302
789081
532844
109263800974336756
110271695719962178
108194332293972664
110270656882025436
319385
108197649054918985
109808962557017766
261948
108737192038518421
39583
108222836421911584
109354606217297653
110189426046081026
108196747450889623
110266014694450344
109872307124464426
108196364985709721
285258
108196344774873889
109819256972922140
110015531625690862
109520768124043522
109869609705360804
108198270472836826
109248313552922878
109507582772327281
108234015906234464
109247437714925535
108191409912507109
40046
109298097169215679
863108
109246584194012086
109357236101402411
454217
882030
109248132206561592
110077773974345766
450312
110225400172885148
109840964013366034
109241865474911031
108143392204626094
109357671122335449
110241922734893738
109983004544819131
108183564097979121
108226256966815758
110139918578065716
108130860553852083
110071738155548605
109524121225513824
110258894469488398
8304
35261
78938
109246254264596276
13230
110198647453070220
109258153715778437
109208442152198181
10947
109257982635114466
107537000312971849
108194505982961303
109241352877261778
109246318607504744
108199139164641337
915992
529294
108198192344049544
278147
108143885308509003
109258754451069494
108619463746856738
110038410779488188
108197433957237711
110321154851973248
108199340909054124
108795140313039153
109244309812664221
109244612461768214
108131617169764742
109250852925035765
355392
108199219280581447
107384035882496342
109252248101705069
109244636325353559
108227180179706318
110086639492508688
110297424732425153
110182001163032229
109240362047068976
110164840955866341
303001
108192706273732012
109219449129200488
110155830935249060
109382533706629587
28959
110181231885555799
109236867504457865
110112117111427852
108194210029250971
109236400208258951
109912974397274491
110099934589734216
109850931541801253
109241478564406803
107910970762921795
551018
109354474867193472
109956474191191188
110168847279338922
901498
1128032
19522
110049527516636340
452259
39072
109986224171148561
1133484
110141024438053483
109326678492983971
110147988572139336
109493708384540699
110050751905590416
110162808076915410
110153502955969903
110338132394112281
110040014256041052
110326228691978057
110326565563951935
108196452613186455
110320882695341333
108199078712213761
419982
107798738831987889
110269730029266936
110294533847763831
109972950011063622
110277786660937722
110276609923121650
110275163659390591
109246120984435842
109517433329102826
109251686313383290
109129162321816180
108130371603477611
108197693096000684
110337353594461037
109905645034116180
110335357602888852
110232907853006695
109510253950162382
110329113916845017
110329025334278912
110327170757987020
110327706694015967
110317181712186855
110324681964728265
110320800998664006
109949448139055873
110337952030219888
110215675364813368
110283201160140943
110321834923425095
1961
110311600505142563
110302918478420491
110295167725257938
108221303565812545
108130860240672731
109248086964908016
109516920120023448
108193089730902939
109259183122785773
109244562005029602
40242
484851
110335504313189988
107660959467759203
43008
110052317290058058
108197092546215626
110171212659047369
110131583718751965
109253199563738864
109245910623409127
108196834675898876
110026937401111171
109520956263536026
109970129706726671
109297749286312431
512879
306984
412158
5236
291976
23195
109248113461395631
108198301734635214
110309425663721054
109879169696632974
109245756978350378
334995
803311
108305608214221917
110160959680597683
110048887178257338
110322090180997333
108181514393668392
109986954780331301
109245550460750865
108197016015204711
109252517542640586
109297367408906948
108197432612936229
79812
109835338729625429
109240495129582918
110220616046577382
110298928352330854
109508314644931323
108230989312606388
109510203650096237
110271658732524064
109246216404824007
450829
110182137419545189
108262215984790565
109246823249940290
110321117699484177
7393
317157
109884729250991111
108217109248927065
109491622215940702
110323416262355755
109335139887635280
109360856734579608
109374181994390791
108194365870640555
109249424889135853
109360376693319907
110234854319368608
108194886140734823
230062
806388
108195790819709650
109933224669771239
109375072506610249
109856201017382355
110108874756576903
958595
109911980536528709
5314
43475
109940122260141663
109941841636670315
109835761886292674
109503756644881991
109519158869898999
868778
109506779446314181
109244577582117056
109240925652328967
109243279114614804
109960974973729425
109247671175978122
465471
109247842475611424
109243586553643688
15626
109249782713539746
510479
109988966009085026
189853
109358621306682598
108344146628271282
109508943875273427
110010128841161491
109252568725649092
109902437698925952
849136
109315888570105395
109502785307392602
1303783
508206
110289067880527348
110281581565537097
486770
108143639386437273
1285760
109258670747629091
1232041
109506033376161197
1010062
110221393171119882
939220
110086510250667970
110263273827771507
110129042443647357
915779
109258886833731683
110288119413706410
568751
109243260361549196
110282353214451972
312042
109258619110170081
109948928683503188
109246523414777826
409660
109501593453578120
109355606531318769
108001408353422875
946196
109243393564916106
108192684023596734
109243405399293454
286799
108195771186490945
110107901564881173
109212174332818835
109246018860303483
420298
109242900938345669
109520824456963057
109244300415875978
108217631622938295
42789
109241451690808677
423324
109361023069729587
974027
109491505987552890
109237602809603384
109362200103102650
109259734824842139
109298142977917878
109837074062624995
108194016999315443
28084
110220188016778110
110213802327157825
110305396720079700
110288362509923072
281810
1288904
775674
213653
43074
108776139364936965
108077743321999779
771485
16041
109244755074645368
109354270231381560
108197634993900256
108226763517610021
778750
108267695629861285
107381606285095454
109293060888911998
1020567
108192906292454171
109247521250892503
108317809481038803
109245404427099704
108193032039339512
108197344272073915
109253403766310138
95400
109253252607019157
107778541010331171
107577145418308708
504442
110338445871139949
110337931106417958
110338204456781339
110338124131859991
110338054686751750
110337980749982362
110337900178623596
110337654845374863
110337471847861691
110337394994305616
110334651062139771
109887256114204969
110331535987279976
109244713084240533
110317256854453845
110326940432568129
108253911965227904
110318463728767085
110210477921850286
110321356873051169
110321034772695026
110320714392283831
276144
109251478404479024
109244524617674235
110215529871237912
109250633842355462
107580008013833687
108195244630407938
487612
109245382242634213
481572
108192731761847990
109251982662635708
110216253733367442
109838375129962797
110005948204623063
110237330324814660
106939922366195543
839500
110310424764329261
109507637943555067
107372918210593334
110189663315569351
110277953200041879
108136981463386995
110270952377162531
1186971
110260990491396775
110257833925254339
110137426790161043
110165244829352087
110058720254448822
110078069643891731
110222427997634770
108194890308088987
970452
109195470560268142
109332186138218078
109248221787774270
110280654428478548
97246
510874
23439
110162586601522371
8922
109735902235667982
108195396124599968
109258548579539386
226997
13738
110311749874217384
109355633517168541
109249658402510624
1105071
1041014
110253509720282160
230110
109497005506038900
36431
156930
109909391093212804
109362175649749184
110100878444442877
110227578054112829
110332901390156370
108196348270670920
109256943034549488
108608428164884516
109879136906350508
453301
106685154029428214
106550258270139453
108197947818652791
489516
110205773941816661
14897
109244973784842919
311457
107470189332592433
107405152396576861
109954411682483822
107298122610546190
614951
41715
889488
137819
110102569928541991
1033093
109496616821027227
959955
109355526679906887
1061212
970052
108194971274103736
963721
1102125
1200034
1066499
108442162642500899
407200
449871
108118917497940931
107889332803504950
962829
960669
592260
1290527
1120334
997189
961187
109433421874392473
108286276088257369
109887063074125511
108221121148709047
1278983
966061
109243361508871074
109362002983665436
1094094
970011
40843
109247414571298634
1078123
110180384512195266
110037196686826878
481112
110103303850250777
110137866823026874
110091234145442962
108136736278147518
109873331933780948
109244698206143904
109359002387677562
1178036
108028075982756589
109422252691682690
109297171925476825
110109803640462445
109926318853996395
108195604372761500
1185
109250027132189018
109403734845739245
109250618282753282
109952941230316258
408973
108132627688998588
109207711143531346
109213822769588890
109243371263223446
109521021997344992
108194815829875671
110078555526443351
108220244552868172
109904498743120016
109904178177095358
109910513892499747
109908588272511526
109907716227967595
109904445277749932
109904007058254860
109905194449630804
109904001350155419
109908130709370035
109845749498187745
110072677725411603
109249067308514734
109379112132673443
245981
231252
109366679198491644
1305650
109359994267555993
110028401123851056
230146
109362083794013909
109875738746471786
110124788339892680
134206
256767
109954913364124906
43341
1038583
407495
109984233456493046
110020701302858478
109995107436414920
109876878322288776
109405199765902558
239676
109362126475441152
109497363513311477
109882025051049467
109354069933492315
108295039666879620
109840121882821734
109248391235510402
108131534185427287
923382
198291
1116324
814297
219401
527200
921990
7220
30861
109247755330502353
34063
491922
8099
428277
8543
109885862498623920
109906
109996939422891733
923813
109126564711810484
231587
110140800772798645
110247066629333490
110156474743664338
110208312064667750
110160436772386810
109949035588458710
110029799969247264
109873400085815546
108268632292118682
110220890082463614
4571
17710
235116
108197218774981831
235229
109511111544394938
110152140821145968
109845298550366701
110267650415239959
109246454954563935
110238773896832915
106676597614407749
110227105442846966
109314498749777895
517450
110197554623917980
109247132174585568
110193594950223807
110136198944723870
110169011395734407
108352706769450276
109315752578156367
110165479064794574
110117986208203403
109920923255231468
109253648281573361
110318783115923128
110243544646429406
198248
27893
110211676934893384
109247433807971220
107745548473470465
108290965631883805
109911895737986345
110039154680004110
961787
511151
109355065198269103
110335169859628166
417789
110331273175655516
109498468466752208
110327601960659356
109854969788875438
109813837666480248
493342
29256
552045
109507123236284018
109685041593679992
109327187757666537
109738760904119123
110338154219540482
110337799980353408
110338044831136921
110334611330506124
109365253928070871
110337041956761944
110337005103855371
110337004520372480
110336890791526877
110336286530553618
110336645882902180
110336465742919398
110336257091616371
110335943240064623
110335941718870716
110335781279643993
110337955842139592
110297545092998869
110337175911485104
110330415541644716
290764
110336224509141863
110335891226375572
110335800368871866
110274285421786815
110335580814006072
110335435694064017
110335425525759578
110335395249309413
110171127623063813
107454886325611401
420049
109357850242711059
109242893749035201
109308962755481945
806373
110219598903141068
108646309657620090
110219591214531162
109508653844153008
110260652826711272
108134887072584745
496317
109257239992250931
109253711775998581
1075459
108310786901917853
109241539803356147
355865
109246550114003592
108198506055596681
109245473802218106
31257
109501808555258890
108294138014013251
108198407156769366
108237393738008627
41383
79907
108197382645989378
109253875761336216
107489929291179885
454479
1145379
108413745742887177
108233915414284844
109244802649248780
109517303630152255
108131326201613806
109245415463182318
109245596652247853
109256491302637736
109354347431127324
109246381501652753
504234
109499356486987813
521496
109358098110555584
108194618948026131
109844807450323612
109834137115552609
109250477354976356
109246450276143016
109938670433280595
1149544
110329338010143878
109230680553651907
110271302447488685
338550
110323869559595975
109239770247277519
1012860
109247112800572733
108130503813829801
109355640520384698
340612
110190508208597192
109250384731288218
108139984961712618
110028028657658637
109978261704996014
109240177955647886
108196965407361484
109355285217961768
109734900908191698
109505201263963673
109253352367752262
108247834650382404
109251636239901728
109257564432076053
110310867496144637
110212968717408080
108283317532422786
110108337071515524
110274362597702609
110106181411404627
110305573675486390
1289971
110305200822491316
110123542294003691
110134831277972109
108389446235062571
110302661514429261
109258636566275551
108255036824909071
1166007
110208314305781994
108134888743874842
110199363623627785
110218139046105449
107881123847448776
692452
108194589868581373
110210149714622291
110278243407498246
110233166249148415
110271654354209900
109252689146669118
110271413074449136
110250440919984703
110275577047466856
110108524161827326
128980
108221024807263077
110305307999810144
110305433676702302
110300517919562805
110305714012502717
149379
293672
110306574687436687
110306164212844433
110301194311626012
110096543890917880
110096541857672395
110097052207945078
110097108409772400
110097164196750837
110097395040506684
110099455444333186
110099842789429589
110099471364762808
109885669370736081
110100522783981531
457188
110100851253447945
108221281877319300
108278875503460379
110101548918268280
110101686054885451
110101681952071913
109244692889313331
80333
107690383502660996
110102482885129640
110102490947066244
110102585648967224
109246050193471047
478396
109870134944694945
107358726416248644
108197582250889008
108355914436618095
547963
1008065
108240987318969688
109251423247930471
109246335185092828
108194437721202623
1134447
108199203662156092
108646674891804452
109239459241629421
466327
580299
108220332282760969
109244344611824710
109241964949327801
108248418614670371
108329945126602802
108073561893706806
109246231739569724
109244739626192630
109248448794402412
108197485681001397
109314497321462652
109361423611373028
109245007912566027
109359240674438493
110287954131405918
108137385050689627
108217967432302771
108226773351018537
108226446526067311
1306783
108228423013416895
107204211618323160
109247770761529212
110151727790082303
109976181345389101
109905760931335093
560348
108431970161985501
109971371829331299
109252826017868847
109253020852368796
109243768293403916
110135227026039196
109359996976692966
110283055754513174
109354978886710855
110189489880231650
237900
110222397222455191
108772405993602191
516701
473002
109837592503131561
109893807417152724
110188194979478512
110227440173098389
109256213450565277
109246339679853334
108177574212660152
512379
109245934177309106
108248927630678597
108284157563422828
109157834980033546
108306562524360795
108197019124009731
108194100353608133
108300784290194885
110039769566546092
110186022446314131
110184039860844643
110136641914770091
110128356396263608
108279919557660192
109992929573532073
109964456817731362
109264722153766923
108199219079766017
110028801912920415
413938
274574
109246089599916209
109244627207787908
108218381373573592
109340836343872931
110275208639339108
109244556220411258
109253080341285822
108195000880889204
110022768005487950
108248970694189144
109251831074750214
108134375099482832
109241533788551201
109242745779246509
109366894585179720
109246349967813670
109246651839645516
527962
108233858903347061
108136130731392327
109505471634484330
108741560206893418
109256248680647804
108194493311231183
108166048994006343
452864
109247833966682944
37131
108198295148201643
108131118322108234
110283970063029433
109247079360482878
109247769366291002
108317787456846845
109250441500824044
109247451229658497
108137924310354622
109241956525984948
108130906350200720
110337841303279959
107575477916577926
110022734633158309
110337852246791855
108335438408275588
110337760338999648
110337735027105614
110335247987785322
110326526068121791
108384419554815209
110309926070129127
110305494983163863
110304288031260883
110300922089383367
110297886652509628
110292021422139840
109246452484835042
110286281728019124
108196540051891871
108245085744127807
108243195399387917
108197122507038798
108197663850839875
108209622821114725
108197064272877628
108197156672578963
108228783325066636
110338395019231527
110158612068227049
110327032411241856
110058447813614919
110267091093520202
109497042705991291
110045733358807473
110299739285895179
110292174751112796
110288263230335117
659620
110199160085374714
625069
617240
1031342
1137085
681870
662799
691082
662740
642805
659809
658160
626936
109925892481300799
615884
110118160936513373
110010381003947797
850814
632077
109886283033535584
236872
237256
109514207763394466
110305572598069311
109914899851389317
109244653200682492
110270494669469216
110187267341217202
110172315999844999
28257
109361990893481994
233154
110113582441567715
415769
22888
222248
109257760789746208
108193999147011415
1136667
110116811883427078
110112222115849178
109861759289855697
249219
109258858260670874
109254975441512254
109252506522404691
109262019486844371
267063
110116753182992928
110111958056697630
110111183611920750
110111439865645058
110111215829480126
110111171377512625
110107877918677266
109873146862680596
410616
108306378781596195
107028167894691956
1140091
109513746982192460
109258838626582252
109515884936991042
109519173288061294
109513032930537353
110338380454707134
221568
110329665140257729
110337728355120128
110337710473932090
110337457453583434
110035299244874061
110337129782844079
110333542122066946
110313448307479745
110336660361037452
110336628791672709
108228513830587471
109823852697918727
109246248829885607
559173
109497021405616539
109360757826782273
109250467311834639
109244167144892941
109373786786953686
44173
110231637490437775
110256579849018416
109114181026276815
109893822520704338
110251184062161538
110249976092403706
109991084898727942
110242811426032769
109922217706643401
108323099571943950
110234879785008858
110157795250862286
110081053995150456
110191978135460130
110187277135458797
109243165491559915
109242370367194136
109502945072348401
109242872651792271
109245894560019544
19164
110334143107904825
108196217576608826
110315430907813219
110300540348406896
109842328494772946
109509588954911432
107230499873875006
458509
108226907159919082
109366459561857928
110258885522509730
110317487433965586
110336316776531790
1024069
110302892852635485
110329710901512383
110319433131171709
110324654434574103
110324316001175053
110323672990343537
110316241790307116
110321555335783702
110320408225987150
40373
110237315306691008
109255372997978563
106487715052530642
109835406436588639
22960
11668
109533381808353615
109256740125362987
109524223223358040
109507400200104882
418297
109503261942437240
109368153583207343
11862
234995
109832146158995610
13732
434494
109507456744130658
109197747074451466
247763
14401
233370
233223
109314760792188221
239349
243786
108192864317149247
109322710781593306
242847
240665
109241523068325337
109249534021221452
43829
242136
108080133571343488
235120
234875
110024180053206818
109886709334670186
451825
235302
409687
232127
473689
235024
213516
23415
235929
237140
235616
195902
218807
244808
691094
110329739517966451
110303126489460932
559870
109195492470111755
109253736554404218
21063
109861292958428831
362394
433020
109838821434936107
109362027065708042
239982
110336579692937978
110294751055670820
110313788056428208
109258580737617925
110336166467387278
110324868468164919
109293593734571610
109328740157682021
108192877884661719
109257611316544478
231849
108080729715157119
224965
109854888659417547
110148186976392701
110124484612607983
231335
109982153146489272
242541
236693
109879221201235743
239883
245027
213180
14570
236292
232491
213082
11307
231832
231809
231821
231824
274675
1133730
235462
110216198561081620
109925044867229222
109520399854308146
602159
109246791432891710
110064756318572454
109945440691174370
109934421427955466
109911831790322505
109519214453096952
109904425824179952
109246358936021948
109876611213297848
109866726807347362
274684
109850647095132989
109521025699114940
17034
234391
110270545570901099
110238162904739489
110264909329047690
110110893202998415
110241962047276074
109256410699322154
109507493965435492
109247197404177482
109360933743764838
109373053514586533
109245217241631135
109495979546412081
951438
108135366901305694
110055261420032387
108282371381248829
332621
462831
108197360692830683
109248113889413945
109257128551379903
109250729564260918
109250686010861100
109257517409982243
109242132901229652
109251630228963253
109170875719921073
108146540546637387
109247858873518115
108219921318477342
109244373787958996
109245131861570026
877328
109246445732078880
108243203158216489
108137068582298268
880330
109245768767661507
109149681195371910
109246458116700507
109245315765150440
108198003569551280
1287389
1164719
1169386
1058983
108130176254181564
336325
110178533793174335
108131186402102105
110109141891385082
110003245101885203
110087374352530727
109241173876812454
589093
407852
1162039
107277610111695696
110233646889141529
110225280031886422
1085193
1157462
1160471
309159
1157984
1157366
1167163
1166628
110325860347786073
110320224580967761
109353871744161531
110315461906604880
110298229350848600
109377244287830482
498898
109842985366316319
109354833502839708
109361463638254459
108191870706020059
31931
106729234359168378
109354869224076326
261503
110190091211960194
1197550
108254732041701947
109361921546494874
10843
110208783144818767
109167607085052169
109520177671511443
566714
110232289502593045
109245813825298268
110172472013968459
108696985981964979
110240610240838814
110251481531321454
109938813532033688
109246757955923998
109872138398958690
106809179339225879
109250203181651546
414513
109213699707393002
110033589133780981
110034830931328083
110170418073435928
110208902262079849
108192749563716625
109257645557621831
110048397722798663
388702
108194533502614478
34294
109258880611182751
109893879060319198
110213838681348468
503061
159735
106681619710732866
1642
110123904828169905
109362150860974394
109207667010852890
46035
76194
110213134812016699
110191305952044634
110206947792046615
110235726660166031
110208715068192884
110260070641583918
110238270044674336
110245834888097728
110208706499268369
110158097883745887
1123221
11600
107031392946262194
994246
110015397020694174
1091171
893543
1055895
986249
11554
1071754
280741
653569
1012237
615886
554597
110123241054355467
1289545
267944
109303953295472346
107909616669852316
109363024028415403
358035
41927
508253
107985059260247359
110223992915390968
27039
109909109008830925
110093187917270806
108192901382898604
7372
110188258598559107
108195339420006316
110102012138586943
363154
356287
109247758317826336
465006
110030990550676597
13715
109353830905089509
362583
229264
109836161243995972
26848
110162421446303665
110079404980267937
110087771878194103
110096817705217390
109350144084984171
109245303877373387
680650
455059
