Found 386 unique user IDs on 2023-05-03T12:47:19Z:
109446314441701154
110110644895463874
108114390982019810
110113197305050935
109251767514278046
109446274594525990
110304681499305793
780046
1167185
7322
1115629
45929
34756
110304711423707205
109754225636564889
110230437400796808
109219449129200488
109549008900066882
109503898061925199
108198100286212399
110076391670220154
110076825605607992
543120
110276842016539692
109359434266456031
961187
109258595811373090
110225856045310056
108223319472659650
110304527106463564
274713
365137
109258494895990438
109796149081582495
109960190035720131
110269351360811487
108073572058393901
109246197691836372
581036
110199790936049802
109507582772327281
109879469390329938
1389751
110162865023318212
236983
110226054187245010
80313
110211633690684014
110112064214607232
4307
110290855352150469
109243342914018772
109493708384540699
109848808601633302
419927
578833
108234936460739780
254743
38659
422883
110215509949953074
434035
109543557761104113
247045
110151667429641280
110304710572548096
478903
109886804075570755
109982387682976092
108196487077439645
110033786628612784
109846143462070422
199851
109325235910082169
1149819
110218582537957459
110068895306680136
108724808928928377
107898833135225789
110085036580323079
190944
110304717015400591
108149067009944113
467185
108134740707667053
109243932282177536
109893380714276603
109308962755481945
110299393821480517
35470
110304732626433250
208169
110284499721351317
108132627688998588
109956450497135672
109931392242366594
109869609705360804
109245552951949305
234731
109542941604378604
109831528132733718
108195244630407938
110225400172885148
1002117
110298760539139056
109875513623818238
961161
985396
109244505666233213
108132070143630183
109257600686377639
110052842215790186
157653
106529863189300324
145874
109848583962231002
109906346774423664
110151017522373005
1002119
110276811907471986
109245116388378978
18674
110132426165826853
465717
28257
109208523052914392
109347480157584677
109256621801520562
109864080612055745
109520768124043522
109852353549163881
110138442733246817
109852362146380343
109246505109707234
453439
110178255529443431
110304532104273450
109256952838284067
107289129970688029
1021813
109874214778979832
110298851615274552
109846464538719873
109313029679839203
108074949672561832
355392
430959
109511111544394938
110046183156226036
481069
110104350098214106
110304527285791575
108723725919401467
108610086942089124
32020
44081
1137475
108245701221172049
109360970384463450
109115157257831048
109521118684068246
109895188651270736
110270751817323255
109324011797779044
463168
152957
109341817543357799
109951735110426710
109956474191191188
108193931816925454
109247132914913369
110233255518945867
109301779306272593
35056
109244404068473150
110039040409256299
108192774219909903
108197384475289958
552721
108194533502614478
109365952540210712
110291599480975706
110245196724411591
110139363616468594
106194291656273469
110152708393982332
1186180
35893
108198190383120808
108231001443953984
109353832795282718
109910802760617844
109118424324245625
110177756850342852
563649
110304735675099285
420282
947042
108418609855899813
246858
110190691390064094
109327225980107838
109902437698925952
109500102450594608
201284
110197659436229229
782304
109520880172235380
109511513207219321
1063399
514713
492450
108192699247379320
110196837594136176
109496462358632456
109259296548994894
110300009414209158
110267425355750169
108447743419893421
109118341933329352
109520974174432481
893373
110166179917894710
109246428265745111
109386764007843277
109869346967265102
110097941789368413
109257645557621831
110219177078796924
110022709855118696
110022654891443062
110219220650596983
109954913364124906
108226256966815758
1186971
109883775165382886
110304731456234359
214218
110221139421756052
108525681264749682
109497534874766971
109246267955503255
110286033962329293
109993676017275600
110304721870757705
451651
109259960879305242
109918752530725595
109245427748985108
301048
110303278963585289
108196366345386239
109354069933492315
108199240189021271
109199361061338833
129740
109296172666367113
107972321662517544
108646309657620090
109805489529280547
475935
109965421415856977
109253075745809751
229243
109258931818452010
110124788339892680
110166614824504147
10947
109501430442115713
109257722985061490
109247873137221305
110111852077441211
109246604262228935
109926074430955690
324836
109245814484945473
452325
1030073
1098373
110241690064104784
109517739567482331
109514804640181557
108271629086069966
108194104403961849
110292165506520125
109514399694627536
46018
4749
1058152
109112501901085546
109257056851693761
1137800
108296881077559852
286188
312379
108317122958793478
109885613398402109
299598
109834841467204239
1169248
110152377306841668
110246225536625491
110152318760174299
110240704467882554
110201991008851171
110162559885808677
154881
110163601221145245
109890709599563507
109987542274485476
213114
617331
110271120015069577
950452
110254643050534540
234435
109241481124726591
110273457841120162
110183085883162300
109931286748940944
109914172906651990
109355931159025349
108136198340896489
110276962012955381
109244727323831450
110300181765009419
32912
14487
107770491449575688
110180941296078814
108131186402102105
108372423456756669
1107716
109315880979433828
110208902262079849
108197849669441059
476366
145650
109257491240083118
109977118024217066
110114932745816673
108194136048269407
37964
110212464640218529
109242875206644932
109244566360072139
109908438391091705
109289199783405108
108196854419110037
37111
1014154
267693
110107463528299222
108193124764703000
110157724871884889
110261189185207408
1002137
480069
1185988
419982
109513836677769514
110221070551548668
108231228413599407
110246163774361847
989528
109563344010167759
109881280488168806
108324727882613642
110196161085026823
109960052811998692
310441
8653
1037490
109257440828136304
108628066375594671
35263
496083
110300684254302954
109241462721783852
215357
109241478564406803
109849121112917437
109321394134660968
109245061413598929
109832730613083660
109556534401607054
