1
16
43
84
116
200
218
241
244
247
252
256
260
263
264
269
292
311
319
338
364
365
367
370
378
385
387
393
413
465
541
542
544
545
547
549
551
552
553
554
557
558
559
560
561
563
564
565
566
568
569
570
571
572
573
574
575
576
577
578
579
580
581
582
583
584
585
586
587
588
589
590
591
592
593
594
595
596
598
599
600
601
602
603
604
605
606
607
608
609
610
611
612
613
614
615
616
617
618
619
620
621
622
623
625
626
627
628
629
630
632
633
634
635
636
637
638
639
640
641
643
644
645
646
647
648
649
650
651
652
653
654
657
658
659
660
661
662
663
664
665
667
668
670
671
672
673
674
675
676
677
678
679
680
681
682
683
684
685
686
687
688
689
690
691
692
693
694
695
696
697
698
699
700
701
702
703
704
705
706
707
708
709
710
711
712
713
714
715
716
717
718
719
720
722
723
724
725
726
727
729
730
731
732
733
734
735
736
737
738
739
740
741
742
743
744
745
746
747
748
749
750
751
752
753
754
755
756
757
758
759
760
762
764
766
767
768
769
770
771
772
773
774
775
776
777
778
779
780
781
782
783
784
786
787
788
790
791
792
793
794
795
796
797
798
799
2400
2402
2403
2404
2405
2406
2407
2408
2409
2410
2411
2413
2414
2415
2416
2417
2418
2419
2420
2421
2423
2424
2425
2426
2427
2428
2429
2430
2431
2432
2433
2434
2435
2436
2437
2438
2439
2440
2441
2442
2443
2445
2446
2447
2448
2449
2450
2451
2452
2453
2454
2455
2456
2458
2459
2461
2462
2463
2464
2465
2467
2468
2469
2470
2471
2472
2473
2474
2475
2476
2477
2478
2479
2480
2481
2482
2483
2484
2485
2486
2487
2488
2489
2490
2491
2493
2494
2495
2496
2497
2498
2499
2500
2501
2502
2503
2505
2506
2507
2508
2509
2510
2511
2512
2513
2514
2515
2516
2517
2518
2519
2521
2522
2523
2524
2526
2527
2529
2530
2531
2532
2533
2534
2535
2536
2537
2538
2539
2540
2541
2542
2543
2544
2545
2546
2547
2548
2550
2551
2552
2553
2555
2556
2558
2559
2560
2561
2562
2563
2564
2565
2566
2567
2569
2570
2572
2573
2574
2575
2576
2577
2578
2579
2580
2581
2582
2583
2584
2585
2586
2587
2588
2589
2590
2591
2592
2593
2594
2595
2596
2597
2598
2599
2601
2602
2603
2604
2605
2607
2608
2609
2610
2611
2612
2613
2614
2615
2616
2617
2618
2619
2620
2621
2623
2624
2625
2626
2627
2628
2629
2630
2631
2632
2633
2634
2635
2636
2637
2638
2639
2640
2641
2642
2643
2644
2645
2646
2647
2648
2650
2651
2652
2653
2657
2658
2659
2660
2661
2662
2663
2664
2665
2667
2669
2670
2671
2672
2674
2675
2676
2678
2681
2683
2684
2686
2688
2690
2691
2692
2694
2696
2697
2699
2700
2701
2702
2703
2704
2705
2706
2707
2708
2710
2711
2712
2713
2714
2715
2717
2718
2720
2721
2722
2723
2724
2725
2726
2728
2729
2730
2731
2732
2733
2734
2735
2736
2737
2738
2739
2740
2741
2742
2743
2744
2745
2746
2747
2748
2749
2750
2751
2752
2753
2754
2755
2756
2757
2758
2759
2760
2761
2762
2764
2765
2766
2767
2768
2769
2770
2771
2772
2773
2774
2775
2776
2777
2778
2779
2780
2781
2782
2783
2784
2785
2786
2787
2788
2789
2790
2791
2793
2794
2795
2796
2797
2798
2799
2800
2802
2803
2804
2805
2806
2807
2808
2809
2810
2811
2812
2813
2814
2816
2817
2818
2819
2821
2822
2823
2825
2826
2827
2828
2830
2831
2832
2833
2834
2835
2836
2837
2838
2839
2840
2841
2842
2844
2845
2846
2847
2850
2851
2852
2853
2855
2856
2859
2860
2861
2862
2863
2864
2865
2866
2867
2868
2869
2870
2871
2872
2873
2874
2875
2876
2877
2878
2879
2880
2881
2882
2883
2884
2885
2886
2887
2888
2889
2890
2891
2893
2894
2895
2896
2897
2898
2899
2900
2901
2902
2903
2904
2905
2906
2907
2908
2909
2911
2912
2913
2914
2915
2916
2917
2918
2919
2920
2921
2922
2923
2924
2926
2927
2928
2929
2930
2931
2932
2933
2934
2935
2936
2937
2938
2939
2940
2941
2942
2943
2944
2945
2947
2948
2949
2950
2951
2952
2953
2954
2957
2958
2960
2961
2962
2963
2964
2965
2966
2967
2968
2969
2970
2971
2973
2974
2975
2976
2977
2978
2979
2980
2981
2982
2983
2984
2985
2986
2987
2988
2989
2990
2991
2992
2993
2994
2995
2996
2997
2998
2999
3083
3084
3085
3086
3087
3089
3091
3092
3093
3095
3096
3097
3098
3100
3101
3102
3103
3104
3105
3106
3107
3108
3109
3110
3111
3112
3114
3115
3116
3117
3118
3120
3121
3122
3123
3124
3125
3126
3128
3129
3130
3131
3132
3133
3134
3135
3136
3137
3138
3139
3140
3141
3142
3143
3144
3145
3146
3147
3148
3149
3150
3151
3152
3153
3154
3156
3157
3158
3160
3161
3162
3163
3164
3165
3166
3167
3168
3169
3170
3171
3172
3173
3174
3175
3176
3177
3178
3179
3180
3181
3182
3183
3184
3185
3186
3188
3189
3190
3191
3192
3193
3194
3195
3196
3197
3198
3199
3200
3201
3202
3203
3204
3205
3206
3207
3208
3209
3210
3211
3212
3213
3214
3215
3216
3217
3218
3220
3221
3222
3223
3224
3225
3226
3228
3229
3230
3231
3232
3233
3234
3236
3237
3238
3239
3240
3241
3242
3243
3244
3245
3246
3247
3248
3249
3250
3251
3252
3253
3254
3255
3256
3257
3258
3259
3260
3261
3262
3263
3265
3266
3267
3268
3269
3270
3271
3272
3273
3274
3275
3276
3277
3278
3279
3280
3281
3282
3283
3284
3285
3286
3287
3288
3290
3291
3292
3293
3294
3295
3296
3297
3299
3300
3301
3303
3304
3305
3306
3307
3308
3309
3310
3311
3312
3313
3314
3315
3316
3317
3318
3319
3320
3321
3322
3323
3324
3325
3326
3327
3328
3329
3330
3332
3333
3334
3335
3336
3337
3338
3339
3340
3341
3342
3343
3344
3345
3346
3347
3348
3349
3350
3351
3352
3353
3354
3355
3356
3357
3358
3359
3360
3361
3362
3363
3364
3365
3366
3367
3368
3369
3370
3371
3372
3373
3374
3375
3376
3377
3378
3379
3380
3382
3383
3384
3385
3386
3387
3388
3389
3390
3391
3392
3393
3394
3395
3396
3398
3399
3400
3401
3403
3404
3405
3406
3407
3408
3409
3410
3411
3412
3413
3414
3415
3416
3417
3418
3419
3420
3421
3422
3423
3424
3425
3426
3427
3428
3429
3430
3431
3432
3433
3434
3435
3436
3437
3438
3439
3440
3441
3442
3443
3444
3445
3446
3447
3448
3451
3452
3453
3454
3455
3456
3457
3458
3459
3460
3461
3462
3463
3464
3465
3466
3467
3468
3469
3470
3471
3472
3473
3474
3475
3476
3478
3479
3480
3481
3482
3483
3484
3485
3486
3487
3488
3489
3490
3491
3492
3493
3494
3495
3496
3497
3498
3499
3500
3501
3502
3503
3504
3505
3506
3507
3508
3509
3510
3511
3512
3513
3514
3515
3516
3517
3518
3519
3520
3521
3522
3524
3526
3527
3528
3529
3531
3532
3533
3534
3535
3536
3537
3538
3539
3540
3541
3542
3543
3544
3545
3546
3547
3548
3551
3552
3553
3554
3555
3556
3557
3558
3559
3560
3561
3563
3564
3565
3566
3567
3568
3569
3570
3571
3572
3573
3575
3576
3577
3578
3579
3580
3581
3582
3583
3584
3585
3586
3587
3588
3589
3590
3591
3592
3593
3594
3595
3596
3597
3598
3599
3600
3601
3602
3603
3604
3605
3606
3607
3608
3609
3610
3611
3613
3614
3615
3616
3617
3618
3619
3620
3621
3622
3623
3625
3626
3627
3628
3629
3630
3631
3632
3633
3634
3635
3636
3637
3638
3639
3641
3642
3643
3644
3645
3647
3648
3649
3650
3651
3653
3654
3655
3656
3657
3658
3659
3660
3661
3662
3663
3664
3665
3666
3667
3668
3669
3670
3671
3672
3673
3674
3675
3676
3677
3678
3679
3680
3681
3863
3864
3865
3866
3867
3868
3869
3870
3871
3872
3873
3874
3875
3876
3877
3878
3879
3880
3882
3883
3884
3885
3887
3888
3889
3890
3891
3892
3893
3894
3895
3896
3897
3898
3900
3901
3902
3903
3904
3905
3906
3907
3908
3909
3910
3911
3912
3913
3914
3916
3917
3918
3919
3920
3921
3922
3923
3924
3925
3926
3927
3928
3929
3930
3931
3932
3933
3934
3935
3936
3937
3938
3939
3940
3941
3942
3943
3944
3945
3946
3947
3950
3951
3952
3953
3954
3955
3956
3957
3958
3959
3961
3962
3963
3964
3965
3967
3968
3969
3970
3971
3972
3973
3975
3976
3978
3979
3981
3982
3983
3984
3985
3986
3987
3988
3989
3990
3991
3994
3995
3997
3998
3999
