4000
4001
4002
4003
4004
4005
4006
4007
4008
4009
4010
4011
4013
4014
4015
4016
4017
4018
4019
4020
4021
4022
4023
4024
4025
4026
4027
4028
4029
4030
4031
4032
4033
4034
4035
4037
4038
4039
4040
4041
4043
4044
4045
4046
4047
4048
4049
4050
4051
4052
4053
4054
4055
4056
4058
4059
4060
4061
4062
4063
4064
4065
4066
4067
4068
4069
4071
4072
4073
4074
4076
4077
4078
4080
4081
4082
4083
4084
4085
4086
4087
4088
4089
4090
4091
4092
4093
4094
4095
4096
4097
4098
4099
4100
4101
4102
4103
4104
4105
4106
4108
4110
4111
4112
4113
4114
4115
4116
4117
4118
4120
4121
4122
4123
4124
4126
4127
4128
4129
4130
4131
4132
4133
4134
4135
4136
4137
4138
4139
4140
4141
4142
4143
4144
4146
4147
4148
4149
4150
4151
4152
4153
4154
4155
4156
4157
4159
4160
4161
4162
4163
4165
4166
4167
4168
4169
4171
4173
4174
4175
4176
4177
4178
4179
4181
4182
4183
4184
4185
4186
4187
4188
4189
4191
4192
4193
4194
4195
4196
4197
4198
4200
4201
4202
4203
4204
4205
4206
4207
4208
4209
4210
4211
4212
4213
4214
4215
4216
4217
4218
4219
4220
4221
4222
4223
4224
4225
4226
4228
4229
4230
4231
4232
4233
4234
4235
4236
4237
4238
4239
4240
4241
4242
4243
4244
4245
4246
4248
4249
4250
4251
4252
4254
4255
4256
4257
4258
4259
4260
4261
4262
4263
4265
4267
4268
4269
4270
4271
4273
4275
4276
4277
4278
4279
4280
4281
4282
4283
4285
4286
4287
4289
4290
4291
4292
4293
4294
4295
4296
4297
4298
5029
5030
5031
5032
5033
5034
5035
5036
5037
5038
5039
5040
5041
5042
5043
5044
5045
5046
5047
5048
5049
5050
5051
5052
5053
5054
5055
5056
5057
5058
5059
5061
5062
5063
5064
5065
5066
5067
5068
5069
5070
5071
5072
5073
5074
5075
5076
5077
5078
5079
5080
5081
5083
5084
5085
5087
5088
5089
5091
5092
5093
5094
5095
5096
5097
5098
5099
5100
5101
5102
5103
5104
5106
5107
5108
5109
5110
5111
5112
5113
5114
5115
5116
5118
5119
5120
5121
5122
5123
5124
5125
5126
5127
5128
5129
5131
5132
5133
5134
5135
5136
5137
5138
5139
5140
5142
5143
5144
5145
5146
5147
5148
5149
5150
5151
5152
5153
5154
5155
5156
5157
5158
5159
5161
5163
5164
5165
5166
5167
5168
5169
5170
5171
5172
5173
5174
5175
5177
5178
5179
5180
5181
5182
5184
5185
5187
5188
5189
5190
5191
5192
5193
5194
5195
5196
5197
5198
5199
5200
5201
5202
5203
5204
5205
5206
5207
5208
5209
5211
5212
5213
5214
5215
5216
5217
5218
5219
5220
5221
5222
5223
5224
5225
5226
5227
5228
5229
5230
5231
5232
5234
5235
5236
5237
5239
5240
5241
5243
5244
5245
5246
5249
5250
5251
5252
5253
5254
5255
5257
5258
5259
5260
5263
5264
5267
5269
5270
5272
5273
5274
5275
5278
5280
5281
5282
5284
5285
5286
5287
5289
5290
5293
5294
5295
5296
5297
5298
5299
5300
5301
5303
5307
5308
5309
5310
5311
5312
5314
5315
5316
5317
5318
5320
5321
5322
5323
5324
5325
5326
5327
5330
5331
5333
5334
5335
5336
5337
5340
5341
5342
5343
5344
5346
5347
5349
5350
5351
5352
5353
5354
5355
8792
8793
8794
8795
8796
8798
8799
8801
8802
8803
8804
8805
8806
8807
8808
8809
8810
8811
8812
8813
8814
8815
8817
8818
8819
8820
8821
8822
8823
8826
8827
8828
8829
8830
8831
8832
8833
8834
8835
8836
8837
8838
8840
8841
8842
8843
8844
8845
8846
8847
8848
8849
8850
8851
8852
8853
8854
8855
8856
8857
8858
8859
8860
8861
8862
8863
8864
8865
8868
8869
8870
8871
8872
8873
8875
8877
8878
8879
8880
8881
8882
8883
8885
8887
8888
8889
8890
8891
8892
8893
8895
8896
8897
8898
8899
8901
8902
8903
8904
8905
8906
8907
8908
8909
8910
8911
8912
8913
8914
8915
8916
8917
8919
8920
8921
8922
8923
8925
8926
8927
8928
8930
8931
8932
8933
8935
8936
8937
8938
8939
8940
8942
8943
8945
8946
8947
8948
8949
8951
8952
8953
8954
8955
8956
8957
8958
8959
8960
8961
8962
8963
8964
8965
8966
8967
8968
8969
8970
8971
8973
8974
8976
8977
8978
8980
8981
8982
8983
8984
8985
8986
8987
8988
8989
8990
8992
8993
8994
8995
8996
8997
8998
9000
9001
9002
9003
9004
9005
9006
9007
9008
9009
9010
9011
9012
9013
9014
9015
9016
9018
9019
9020
9021
9022
9023
9024
9025
9026
9027
9028
9029
9030
9032
9033
9035
9036
9037
9038
9040
9041
9042
9043
9044
9045
9046
9048
9050
9051
9052
9053
9054
9055
9056
9057
9058
9059
9060
9061
9062
9063
9064
9065
9066
9067
9068
9069
9070
9071
9072
9073
9074
9075
9076
9077
9078
9079
9080
9081
9082
9083
9085
9086
9087
9088
9089
9090
9091
9092
9093
9094
9095
9096
9097
9098
9099
9100
9101
9102
9103
9104
9105
9106
9107
9108
9109
9110
9111
9112
9113
9114
9115
9116
9118
9119
9120
9121
9122
9123
9124
9126
9127
9128
9129
9130
9131
9133
9134
9135
9136
9137
9139
9140
9141
9142
9143
12558
12559
12560
12561
12562
12563
12564
12565
12566
12567
12568
12569
12570
12572
12573
12574
12575
12576
12577
12578
12579
12580
12581
12582
12583
12584
12586
12588
12590
12591
12592
12593
12594
12595
12596
12597
12598
12599
12600
12601
12602
12603
12604
12605
12606
12607
12609
12610
12611
12613
12614
12617
12618
12619
12620
12621
12622
12623
12624
12625
12626
12627
12628
12629
12631
12632
12633
12634
12635
12636
12637
12638
12640
12641
12642
12644
12645
12646
12647
12648
12649
12650
12652
12653
12654
12655
12656
12657
12658
12659
12660
12661
12662
12663
12664
12665
12666
12667
12668
12669
12670
12671
12672
12673
12674
12675
12676
12677
12678
12679
12680
12681
12682
12683
12684
12686
12687
12688
12689
12690
12691
12692
12693
12694
12695
12696
12697
12698
12700
12701
12702
12703
12704
12705
12706
12711
12712
12713
12714
12715
12716
12717
12718
12719
12720
12721
12722
12723
12724
12725
12726
12727
12728
12729
12730
12732
12733
12734
12735
12736
12737
12738
12741
12742
12743
12744
12745
12746
12747
12748
12749
12750
12751
12752
12753
12754
12755
12756
12757
12758
12760
12763
12765
12766
12767
12768
12769
12770
12772
12773
12774
12775
12776
12777
12778
12780
12781
12782
12783
12784
12785
12786
12787
12789
12790
12791
12792
12793
12794
12795
12796
12797
12798
12799
12800
12801
12802
12803
12805
12806
12807
12808
12809
12811
12812
12813
12814
12815
12816
12817
12818
12819
12820
12821
12822
12823
12824
12825
12826
12827
12828
12830
12831
12832
12833
12834
12835
12836
12837
12838
12839
12840
12841
12842
12843
12844
12845
12846
12848
12849
12850
12851
12852
12853
12854
12855
12856
12857
12858
12859
12860
12861
12862
12863
12864
12865
12866
12867
12868
12873
12875
12876
12877
12878
12879
12880
12881
12883
12884
12885
12886
12887
12888
12889
12890
12891
16319
16320
16321
16323
16324
16325
16326
16328
16329
16331
16332
16333
16334
16335
16336
16337
16338
16339
16340
16341
16342
16343
16344
16345
16346
16347
16348
16349
16350
16351
16352
16353
16354
16355
16356
16358
16360
16361
16362
16363
16364
16365
16366
16367
16368
16369
16370
16373
16374
16375
16376
16379
16380
16381
16382
16383
16384
16385
16386
16387
16388
16389
16390
16391
16392
16393
16394
16395
16397
16398
16399
16400
16402
16403
16405
16406
16407
16408
16409
16410
16411
16412
16413
16414
16415
16417
16418
16419
16420
16421
16423
16424
16425
16427
16428
16429
16430
16431
16432
16433
16434
16435
16437
16438
16439
16440
16441
16442
16443
16445
16446
16447
16448
16449
16450
16451
16452
16455
16456
16457
16458
16462
16463
16464
16465
16466
16467
16468
16469
16470
16471
16472
16474
16475
16477
16479
16481
16482
16483
16484
16485
16486
16487
16489
16490
16492
16495
16496
16497
16499
16500
16501
16502
16503
16504
16505
16506
16507
16508
16509
16510
16511
16512
16513
16514
16517
16520
16521
16522
16523
16525
16526
16527
16528
16529
16530
16533
16535
16536
16537
16538
16539
16542
16543
16544
16545
16546
16547
16548
16549
16550
16551
16552
16553
16554
16555
16556
16557
16558
16560
16561
16562
16563
16564
16565
16568
16569
16570
16571
16572
16574
16575
16576
16577
16578
16580
16581
16582
16584
16585
16586
16587
16588
16589
16590
16591
16592
16593
16594
16595
16596
16598
16599
16600
16601
16602
16603
16604
16605
16606
16608
16609
16610
16611
16612
16614
16615
16616
16617
16618
16619
16620
16621
16623
16624
16626
16627
16628
16629
16632
16633
16634
16636
16637
16638
16639
16640
16641
16643
16644
16645
16646
16647
16648
16651
16652
16654
