Found 40 unique user IDs on https://mastodon.social:
109997955878555519
109848583962231002
434035
485987
415214
108193286836647991
109337034594414263
309025
406599
109959569133671350
108383452809909458
108080010019293554
583258
472579
156604
109511543852579530
108160019313709618
246415
109956450497135672
109973015525802671
109246192469064254
110152708393982332
110266866121030256
110230437400796808
109493708384540699
12306
110241690064104784
109327019565592994
109852366601065202
109347480157584677
109956474191191188
108131017378560705
1086482
110290034417661607
109247437714925535
109842111446764244
133892
108195809314227802
592868
109520768124043522
