164388
131660
163916
162233
163250
161954
161337
32620
161964
162926
161899
162887
162569
151592
150316
145971
162165
162159
162188
162179
162171
162166
162161
129194
162710
129284
128611
129343
129280
80436
129238
129036
147828
161743
161599
147620
160998
155604
160660
160130
160330
71477
158883
159083
159078
148485
158950
158884
158290
44332
158102
164933
156321
75415
157687
157470
116185
18729
15201
17858
156827
156692
123107
149795
153026
150081
154957
155213
155717
155621
54838
121962
155259
154159
154722
150387
153223
151724
150360
150498
150661
150458
153798
154149
110109166657620663
154196
153659
153412
153437
153409
153302
153177
151872
152282
147247
129995
151900
152166
146865
152084
151919
153565
151697
151700
145494
141592
151134
109829
147710
151225
129997
149361
101258
129949
148795
148973
130724
143078
125979
129648
125386
128013
125356
130787
149325
98002
150416
143746
80002
149857
149775
149025
149112
148671
42656
146328
148302
148298
148276
148212
147913
147556
57526
146566
112020
147356
146961
146931
146940
146901
146884
146717
146850
146607
146633
146629
146232
146299
146297
145501
184472
134383
145560
130597
131089
130603
145824
144327
121350
176492
177693
149061
145178
120874
145164
144903
143371
141616
113615
136134
121008
120897
138478
130058
144375
103341
143712
105861
143004
142806
143230
114816
143145
142809
131467
142956
129887
129496
130056
142438
142359
135180
142333
25315
19792
24131
142295
141886
140652
140656
140899
170774
68174
75550
65449
63364
67228
69197
21126
140362
109347117678640997
104053
102757
127952
128173
131372
81491
127891
80385
124938
91859
122707
88263
47884
138380
137739
130803
136270
132947
129105
110649
129248
134010
134147
134094
16220
10334
131819
131982
133033
107349
9636
128187
131393
130085
131092
131303
135015
129805
131207
130009
129085
131202
131215
129894
131084
129154
66397
129741
129811
131236
131480
129202
131380
131052
130986
128374
131318
131267
131287
80396
310109
134390
130252
132841
131543
132037
131731
131505
128800
131348
131292
128736
131212
131160
131129
130842
130661
129788
130289
130238
130217
130089
130082
130039
129324
129761
129754
129705
129655
129649
129473
129338
129300
129168
129278
129270
129264
129251
129256
124048
126143
81080
129982
130053
129816
130057
130981
130799
129250
130760
129529
130470
130513
130269
130288
128547
134271
133429
133317
132556
132550
132346
131304
131177
131151
131150
130273
130013
129962
129389
129188
130219
128492
129924
130194
130127
128925
129505
129996
129523
129721
129956
129722
129892
127151
125948
129731
129778
129223
129647
129472
129480
129471
129507
129495
129371
129240
129231
128941
129106
128845
128897
126317
128679
128487
128289
127888
127504
125309
108104547496435774
126665
126641
122186
80761
127046
81869
83991
80358
80615
82043
81879
81058
121132
122883
119750
122740
122358
103698
122281
122082
120025
93857
275466
121513
121413
121462
120948
121109
9708
79380
64085
114406
114413
114273
120438
110631
119376
119315
119396
106840
119360
120009
119861
119746
86684
87148
86629
47366
119414
114453
118756
118680
118626
118457
110816
117670
117092
117512
108406
109281
109300
116681
114871
103783
116025
115672
113341
96697
115288
115504
111185
109638
114985
65032
158602
44776
114616
113975
114408
114442
114373
58171
58620
58635
111567
113854
87782
113237
108820805997496688
107938903575146051
112908
111693
112451
85693
109535
83099
112072
109797
110025
108723
108913
65008
98486
9341
111041
109042
110944
26380
26312
24381
29858
27790
29522
28178
27230
23280
24433
27419
26085
108794
110567
110273
109885
108690
108871
85913
109598
30113
24378
24303
24068
109537
109431
109359
94024
109155
108757
108702
108155
104951
50726
101260
106223
106146
88524
107617
15898
88648
100438
104604
106381
81540
94469
107497015547786325
106728776281935739
106592070961195658
132230
124994
110335
104316
82680
81597
81595
93747
19870
102034
105727
102079
9824
109291177457818419
41554
27813
31237
17057
99230
100272
98712
100977
75022
105534
105412
105313
105081
95360
95427
104671
104778
104633
100317
104018
61740
103907
104341
103889
104124
76244
104147
101835
101348
103635
103592
101505
101963
102424
102469
101985
100441
102224
99657
102033
101836
101946
87954
90248
89623
101624
101477
101468
101353
101030
100590
101167
101003
87627
87930
100649
100616
100395
98665
100074
72932
67236
99646
99348
97337
99234
98716
98615
109288785428619618
99134
98030
98036
64984
76067
91145
63810
98014
98028
51637
97478
40328
96642
22833
33947
23816
28469
18632
26837
24742
27598
26954
24883
23164
25694
23742
25638
24831
24691
93672
85268
84517
94977
94974
94733
114867
93882
94662
46097
94239
93998
94412
94395
94322
92658
93921
93919
93815
27201
27314
31571
30873
25773
82618
90432
93346
92904
93151
103210
92840
92852
92918
90257
92270
92560
92446
92284
60692
92058
92221
92056
88901
66376
69984
41951
90093
89458
24155
23033
24944
20194
54309
89336
15211
68394
88899
88891
87486
88855
66107
65743
65538
88699
88616
81932
86430
87252
75965
87281
87940
86023
87569
87440
86823
87168
86589
85499
84248
23638
109332574957918931
107771868608047738
319732
310890
147606
110568
15151
21048
45831
62955
84691
72937
65650
72543
26326
30214
25976
28729
27087
29018
27708
27090
25721
84565
81376
85155
84477
84284
85596
83704
85338
85536
85396
21124
23736
19982
34108
31552
85164
92214
81125
84534
54741
54728
84668
80054
82504
84552
84290
84233
84199
83733
110008382721940590
83683
83665
68412
69600
83652
83563
83230
83034
41555
71715
82594
82602
82401
80425
80618
82168
81837
57521
81722
81695
81520
89103
86030
69693
81531
81560
76248
81087
81056
80973
80864
80900
109277164339517577
80868
69563
80622
80555
80464
80423
80413
80288
346036
79630
80184
62239
78934
114750
67451
66963
66365
68417
319272
120305
79517
53182
75646
78818
78795
67853
302786
63061
73917
66040
66318
66514
63351
77194
77259
45065
49020
76415
58727
125806
59470
74506
75849
308870
54477
75674
21098
38735
28051
21630
20630
21840
21586
21161
21460
21436
20934
20784
21189
20420
74754
74719
74703
68071
73985
73936
64527
64344
72600
66388
66106
72159
69715
63352
71711
65236
108203980154703815
66602
67780
71619
107953008583592941
71627
68700
70184
70595
65474
66613
66806
66459
66435
62690
66006
65955
68779
69616
68008
68395
68197
68087
54068
65952
67647
66303
66699
67343
62175
67274
66552
66454
66246
65507
66158
66401
66300
66221
65806
65340
64866
63494
63950
63380
63369
63398
63851
63382
63261
63345
63292
63324
63334
63378
63746
63281
63285
63342
63418
65331
63370
63365
63362
63619
63615
63536
63389
70672
63434
63067
63070
62200
105357
62541
61662
60717
58527
59774
59697
58572
58854
58198
109358377190594716
9295
58418
58002
57926
55426
57171
184891
49954
28934
39409
37822
20790
22702
44286
54954
18752
9169
35384
44617
53382
53396
53266
52861
52539
36387
109522111206317926
109424540728557577
14376
31983
22367
22301
20862
29940
288831
24560
20383
26357
51170
23603
209374
19780
29424
26169
23589
23785
25660
25312
23510
19488
24980
23386
24424
23969
23828
23822
23442
23683
23504
27133
27283
27530
25054
24988
27449
26561
26928
26965
24644
24745
22088
49218
49012
17123
38037
17025
22436
22432
21051
48407
36274
43026
47671
46139
83790
46179
46094
46081
45983
31677
45276
9451
25643
10417
39388
39238
45037
44992
43819
43841
20193
21038
22166
22040
20836
20443
43654
43577
9386
9672
9863
10338
42931
42875
22672
42881
17246
53127
41279
41646
34802
32603
106295408119698766
35561
22818
79165
36393
17590
13524
17857
91140
38066
11081
33592
31318
28291
28268
23976
26416
10329
18053
40982
37320
29288
29243
29190
28488
29534
29557
29546
27633
29275
23766
27548
15519
10507
109289304736352305
21587
12413
9635
9662
15289
10423
10752
9228
10419
27706
16394
10842
10462
38236
11766
27182
17093
27203
26666
26222
25097
25905
24575
24196
25297
24132
24104
25276
21677
24623
21106
28104
37076
32198
31493
32094
31928
29695
31510
21935
37295
24805
10799
29538
11073
25576
27442
36550
36844
31658
29914
32517
35698
15545
21326
23640
23545
36160
29723
35940
35596
20399
20503
17252
21067
33476
10321
10525
20742
21815
21695
21036
17465
129966
83248
23975
35328
30817
29295
18142
29338
30606
29385
27503
29381
13352
27366
29346
27519
10503
20125
20723
20683
13643
28988
22909
22745
22827
23955
23393
30143
31843
31838
31832
28400
29726
28357
31558
24631
23907
23621
31521
30861
25342
16832
29112
30855
14308
28314
30757
30760
23899
30147
30719
29394
38101
30677
20864
29948
13882
9361
29743
29494
29512
29525
13436
19632
10826
19674
26248
24337
26541
27450
29010
27523
28338
26502
20783
28170
28626
13282
23728
28316
27678
28055
25131
28146
21584
27849
23711
24199
18436
20699
27664
13254
20129
27300
20340
109431853659482139
109296400617273902
176350
175492
12264
14287
27102
26879
26845
22838
26451
10822
22513
26634
24562
26046
26507
25407
24816
26582
34541
30370
28029
28027
26724
13993
26590
24001
24979
19457
23432
14786
25526
18052
24845
25557
191187
43826
19585
26276
23958
24914
23500
16875
23221
22950
23727
23011
22917
22941
20504
23483
24267
23784
24446
23974
24065
24206
24786
27282
28534
24492
21781
24638
24770
23060
24522
16544
14041
24546
24578
22155
23641
19286
15534
23613
13612
9276
15741
9155
24082
25366
25046
24936
24569
24419
24003
23778
23486
26028
24945
25027
24217
23851
23460
22806
21391
21015
20904
13802
15837
23175
22996
22907
22832
22795
22568
22650
21641
22134
21850
20808
21545
21238
20943
20500
20394
20982
13486
20846
14011
17452
29033
26592
9333
14695
20688
14635
10757
19852
14828
17188
10801
16885
10135
17836
17510
17616
16909
9370
15232
15222
15397
15210
14986
109336286188188238
14831
14759
14230
13951
13447
12942
12451
10592
10512
10515
9712
9151
110465096032695683
110464289976441479
110463107969451789
110450009431058018
110440564986368866
110440318516766018
110438521716332095
110437819384589185
110434012983978130
110428205433372566
110425169719179803
110420137514532334
110420080383363889
110413385580213629
110412447791117555
110405211052755077
110392199882745374
110380436923292979
109247064061617955
110380244831400145
110380227820797760
110380008261396877
110379786375330335
110379566436585867
110377488139649129
110372299096408427
110367783227635058
110363609282743932
110356467148833399
110352811707953139
110342441815958755
110341261176956939
110339666730137071
110338479238738400
110332301212191345
110331694128116606
110329192130907536
110328270555059135
110326566369197049
110322546543892765
110319726185532546
110317931251375432
110317020214040360
110316705092511195
110312987971667034
110312453517293942
110310723300019681
110310451465547870
110306018662645360
110305484575443303
110302690261861323
110294555031924198
110293455380421900
110291326448267488
109287478341646963
110287202974196522
110285082197559540
110284473584638025
110280121577715066
110278485757041189
110273968513082120
110270830791161412
110265641988453235
110263434569772435
110260743239686924
110259707277496358
110259687340716629
110254930716975198
110254716927053806
110253859662373274
110251411918559678
110245924977568287
110244477561349077
110239912651555479
110239423445666526
110238773972513387
110236498284001180
110232555134845967
109764756127334018
110229783251763294
110227977727892961
110227855059788202
110225088958776513
110221744574804027
110217490000064812
110216406150986249
110215523551187655
110215379244137270
110214859538877904
110214713834714233
110206762348300911
110199700578289218
110192298001570933
110189119196720106
110175961377991449
110174329904810410
110173319994737169
110166733674038979
110163944237506096
110163867529804869
110161411321181318
110157134657481784
110153085441173469
110150667407992776
110146884329334308
110146414703708837
110143346510597664
110142997639116343
110141888607991342
110138961025467336
110134371268964115
110131688962784255
110130845577646343
110129433785343519
110123048116229007
110121684787453106
110121173737353548
110112720669967227
110111678846063864
110108810313464773
110108362370677596
110106414325235572
110105236246219451
110102575701070691
110101843777663485
110100230380959131
110099107714528147
110098517899120335
110096835434933727
110096512906265296
110090798811438405
110082713985672601
110078882431434150
110071483408035758
110063318024605616
110061169814795201
110060618952971503
110060191471771416
110059642907171997
110058655057657832
110058120791398469
110056121023099596
110055674394721178
110053108037267096
110051526972692277
110045479304091252
110043402980017691
110040144505952462
110039161159225605
110038575182639801
110038562492527199
110037688382809072
110037485723977654
110032624152581423
110031831919263765
110031246825529203
110028259955622547
110023963855648703
110019022118129178
110018445130242266
110017480863102786
110015320821323355
110013270128748364
110011758275358821
110009640109469261
110007824670466996
110006511968968341
110006081604315751
109999938969321025
109999911041696802
109999513766668136
109997688185072258
109994673346081922
109992830048437873
109986306723304226
109986248289983779
109985729857243072
109983387213163031
109978528223276073
109978419796349521
109977472696984949
109973437813362293
109972569842894753
109972206582574908
109971931530307418
109964617331978105
109962655447165691
109959238734301874
109959233983704853
109955248187499027
109954728232893065
109950494322452208
109949091881221338
109948841459937790
109947659642996654
109946818415840171
109942257517094977
109941328900467113
109935221275713888
109934859648430369
109932802934227189
109932407924996358
109926592111342702
109919738531098722
109916750516611084
109916450141704254
109915695216180563
109914296006161454
109911722418360355
109910365539910340
109908862712538970
109906900823322243
109906688774416009
109906536179792436
109906276171714809
109904961745529252
109904709199256117
109902445853015083
109897198762566798
109895767110293928
109894331341788883
109893875479308113
109892473820744265
109890805026256851
109888950916789085
109888608279022041
109887098614788835
109881574277284370
109881505263947307
109881200615907239
109878022597166262
109874830474713288
109874797809630676
109873392670275069
109872011384472803
109871446553876166
109870421934895759
109867580775737744
109866432643572550
109864046918530988
109859341896730623
109859033476175663
109856730057832081
109852714461937028
109852348866569390
109851386151047958
109850804179076183
109850009024949611
109846553932560425
109846541727265632
109845339380985095
109842943252433334
109842578667967341
109841319758457071
109838251357144103
109837408160089264
109836834413087884
109835321030424208
109832952243128859
109832478014715050
109832196083349681
109832101899314943
109831973425581591
109831186140143923
109831150241363604
109830988140690940
109830971484228029
109830826616939739
109830695856400905
109830534561180712
109830522256376394
109830467926967270
109830371847210575
109829248188797512
109829135505574563
109829010969759796
109828497940303017
109828146335244974
109827484278484849
109827415011649782
109827411450774909
109827329697500191
109827242838582022
109745301418397405
109826832800797905
109826827075118785
109826793775691127
109826677120104564
109826074706823921
109825924128694156
109825716859299523
109822287154264392
109822228245125021
109820699319749715
109819811925394951
109818983425146725
109818265886777565
109816881689730231
109815247432451823
109814897101833498
109814763693748884
109813337781896640
109813227388202949
109823402138055230
109812844984122026
109812425766770310
109811586318181301
109811567042128994
109809731329450099
109809435475367559
109809309824251347
109271037171420349
109809257399631969
109809010856598790
109808905675098975
109808866486329040
109808864306556942
109808744834238811
109807639772376857
109806983440480419
109805646089666351
109804932964701271
109804717685671612
109804222560842630
109802643661345011
109802565818565442
109819172371773217
109802565151754609
109801855528625710
109801809836337523
109801512679030824
109801493907978778
109800392318283350
109799981856028158
109798639585929208
109798116080664573
109797175822584340
109797188995947978
109796762343116058
109796665043539804
109796189580539497
109795908548328179
109795539825994008
109794283076877817
109788868044653656
109787669284322523
109787387966792126
109786894661704925
109784856001367851
109783721110502112
109783550324746100
109783018555599135
109780974835419406
109779318883756874
109778977060214546
109778811377222263
109778566720303301
109788618686487075
107658173915885902
108211036240159620
109614734754982020
109548823156691275
109245063858200277
109778083726343634
109776489850190786
109776331648940340
109775797127570105
109775049380242285
109771745609558845
109769496155108136
109769300158012817
109768596929364515
109767019817743541
109766526175696699
109765594131847713
109763735013014114
109763364813576368
109762628441125050
109762404535846910
109762112861024245
109761401176492855
109761347556089935
109759947929729226
109759941513610029
109759954112892744
109759766717159746
109759625804673353
147519
109759461044118740
109758569914772060
109758202964599702
109758138035292975
109758126083144230
109757661409216180
109757646454265849
109757647947568280
109757629343749927
109757558134224449
109757065376204922
109757046255248775
109756744070785590
109756630951442694
109282499006820050
109756110590213693
109756108641939154
109755990370262439
109755985923059724
109755940860369923
109755736231851367
109729692845137298
109755634697358844
109755448909957735
109755227393527248
109755097368113016
109755066933925002
109755065113404132
109754871171535256
109754673235765962
109754222905159176
109754134978400128
109754082942918284
109753983527851154
109753975870302393
109753682225327176
109753670884238597
109753172055793710
109752804574444935
109752339000372795
109751182108020649
109751021307470160
109750842988939353
109750496372673121
109750355993854185
109750252015967356
109750119981293930
109749324833324964
109748277368102794
109746856210553831
109745660625038973
109745359467690541
109745339822627649
109744681806868834
109434791965815764
109744234903338218
109743629798337550
109743514764220267
109743127103423755
109742533334263065
109742279810072766
109740838334535186
109737921930395580
109737848777398727
109728555281743137
109737207216887906
109735991225080983
109734505565122448
109733489709852764
109733352414308533
109733194894086305
109732802738693071
109732245561283892
109729818204683178
109729664829823218
109729451438914181
109729256626344930
109728693356361150
109727379377118560
109725999451876750
109725220172055919
109724323214708647
109723398076259852
109723209371346692
109722276122900881
109721742933017797
109721632828129933
109719972820528702
109719769352408270
109719136362215941
109718433795720479
109718230991309622
109530203321063101
109717352296435678
109716966443478998
109716583752700407
109716296105377091
109716231880372994
109716148857613538
109716024474586075
109714806906180137
109709643652903800
109709203125065519
109708496316889867
109705588059742231
109705571867616320
109705042396806930
109704926221710133
109704085932689431
109703968459609468
109703336335502126
109701215412284941
109700923503122001
109700826191349510
109698893474239261
109698514821806529
109697936662970233
109695623840200567
109695435765466784
109694494006410844
109694459197274922
109694322349529960
109693966397445001
109693409011604526
109691626907392984
109691543688878363
109691461187500307
109690639079045263
109689831498960055
109689639655002306
109689628265140533
109689216943150161
109689212749708747
109688405419216899
109687852547093722
109686311148025554
109686299084491805
109685644656753133
109683702857473279
109683334117734788
109682871824282949
109680998380099310
109680748242000518
109680576494572216
109680461093168944
109679601399211593
109677604679680342
109677057577977902
109443589971554304
109676400137729008
109675913499060587
109675721704591925
109675399396971407
109675309370255083
109674441049316232
109672202190832290
109672000712343052
109670975276369799
109669466489513783
109668086948247259
109667049290555398
109666811833341522
109666369211790677
109664172454607544
109660557614238269
109660528276656380
109660439690033933
109659740029975833
109659488298203746
109657570610198982
109657527156020474
109656902125045640
109655128802677805
109654907496335829
109653548395425465
109651267336924687
109649230961315309
109648468780901235
109642439692244988
109641516887444423
109640410735281297
109639028336470325
109636710580583879
109635549643368298
108215358409588032
109634328331986201
109633026732894162
109632736676338384
109632729027253655
109632669739602017
109632218793293620
109632062936476158
109631997073632587
109631607804652379
109631105618478185
109630870212370761
109630626116821804
109630281968780417
109273358923013536
109630280570298386
109626770928777118
109626632700500340
109622736158473093
109622712523067954
109622679107136616
109622127450967026
109621712742423419
109621424303764673
109621377447576174
109621246202701085
109620980083842440
109620100853781643
109619970960055960
109502522043798475
109619617439719838
109619425944715244
109618909835735134
109618771218144670
109616921464969092
109616669785154879
109616654260637700
109615959498670905
109615717370354120
109615649399090145
109615570725279132
109615467462748807
109614856138472808
109614521408671608
109613729632620865
109613563662747183
109613318711327948
109482575456739289
109613127430004974
109611158499686596
109609382072274881
109607983873311365
109607005457616343
109606841354925584
109606778742381613
109604448668262829
109604048149608821
109602989832717330
109602181832371123
109601583500829212
109601056788163767
109600418854725679
109600201425219918
109598770562632111
109597268905058533
109597110049331744
109596026088202688
109595766210424008
109594988778394091
109594891020286849
109594488705362449
109594131719283373
109593229158138852
109592434749979275
109592189077860612
109591779301003570
109591763798280192
109591376574918923
109591113838342923
109590998344607575
109588805842602778
109588289104214623
109588249255919024
109587122396882688
109586962319706179
109585839924847346
109585593494136171
109585327910164664
109585198879506877
109584787069033861
109582264507858344
108415940933740649
109260171534230086
109282441225980733
109581947697283292
109581528206012246
109580788679989309
109579411569154917
109576877062349583
109576802741033646
109576184173768444
109575529030998098
109574588364069269
109574117857283976
109571014258770458
109754146940036490
109569806200767447
109568947298353745
109568182545742997
109567679335759288
109567438811856378
109566457094269745
109566292897323799
109565706074264413
109564822697899096
109564803234046592
109564670602859405
109564037811338799
109563693535191170
109563199869259235
109562790657950033
109562783615303523
109562369782012818
109561440340211732
109561120713559602
109561000681198003
109560878846504569
109560429861140594
109559450443313613
109559333825721291
109559305732814376
109559251588524349
109558479584108695
109557768956895963
109556858973749524
109556535166142108
109556324926848063
109556277929722859
109556253877011525
109556164788076284
109555705568364015
109555346148288366
109555239281747631
109555014048287781
109317915095848920
109554854015819380
109554746247667865
109554699524582678
109554375344892059
109554292367334489
109554091115050161
109554059177672479
109553756229446512
109553585340841293
109553462316083474
109553098766268302
109552885412560830
109282413802521774
109552853268569430
109552785535496728
109552699318700281
109552527024952302
109552304337764552
109552295926419877
109552007965887523
109551929107223929
109551894970388563
109551635983703107
109551412737478824
109551136936671123
109550968094564134
109550940293245869
109550109398045610
109549963609448018
109549928748479438
176054
109549885169672292
109549692310361667
109549583016179930
109549454132714628
109549434609498371
109549409701629462
109549394581674481
109549063690264115
109548641210246278
109570525834016004
109548363275944577
109548063180776185
109548040343084306
109548033104475552
109547995062947736
109547731099426403
108193213904999092
200119
109320488766208882
109336583085506340
109289878086301235
109246042395122777
109270830218329453
21574
109294608393936418
109360972796264497
188974
108200487062168065
109356546190650266
205890
109322250226460748
109423561700706598
109547630071314566
109547251161972568
109547032998673157
109546722979714100
109546691732692012
109546650534404071
109546594765463791
109546560734754394
109546539930100463
109546521962107679
109546510018919820
109546490862716744
109546462360956046
109546448251024698
109546427381700800
109546422426001598
109546415174314294
109546256157778160
109546186465379325
109546169081268717
109546052652403448
109546044866926338
109545878730108662
109545751691928883
109545747253158648
109250105147251699
109545651935262976
109545005681014579
109544367674751846
109544137996626502
109544073816985797
109544032458911585
109543866806209031
109543562574173647
109543091547405198
109542936861466649
109542823228632249
109542742879749052
109542625471126061
109542593831173547
109542517794759454
109542378892969691
109590482226111075
109542056033357021
109541965597757194
109541920206914733
109541918951241723
109349603747765097
109541908613369541
109541872988839974
109524036338603090
109541808669395250
109541676978136701
109541672210828244
109541622459836107
109541349068314584
109541325408788089
109541312235023224
109541304959988355
109541274204410345
109541227309685776
109541151806083962
109541129906839774
109541088091152596
109541008438169486
109540992119218627
109540943467581084
109540926234616740
109540903001314942
109540820770304098
109540773420692525
109540652653654149
109540627668574318
109540527444302048
109540509139918185
109540431046971920
109540342636128602
109540332230478875
109540286108374790
109270480698438536
109540191023873915
109540076657766253
109540065067696177
109539824222812772
109539810742945178
109539753711136020
109539728104183944
109539707722036343
109539642705835229
109539337988346339
109539303206183675
109539194795411580
109539141735434664
109539133468431298
109539012142466085
109538964238015399
109538825555561537
109538743978383821
109538705861156010
109538536608941029
109538457091708414
109538446233009974
109538354423338159
109538344612332951
109538328156903097
109538291614948546
109538275784855013
109538272384651521
109538267501053139
109538263588474999
109538239337753584
109538183676043778
109538181567259956
109538181510893368
109538158300500319
109538134922775309
109538090851203999
109538007139972102
109537994721013512
109537898728204343
109537895567909853
109537871741393371
109537813496836011
109537812770270616
109537785865947982
109537743333628563
109537656589525234
109537641320575556
109537613478734285
109270086145409076
109537610681207681
109537590427164806
109537555040820397
109537550596928504
109537420983968202
109537407105966779
109537379651857188
109537365904218903
109537319354949167
109537318582993250
109537311709231272
109537302802443158
109537301307069029
109537281123761368
109537259010255541
109537232342492194
109532041916679071
109537172443815953
109537132378204917
109537123245483963
109537117383322670
109537102241194764
109537100707627805
109537098459005551
109537093363093182
109537087111552583
109537084691846709
109537054549078689
109537054244115260
109537050940353199
109537038269891981
109537026371753380
109537023186492504
109537021630005350
109537017281894895
109537016646824395
109537004606945659
109536999765225448
109536991521486558
109536989739026441
109536954978524798
109536951528982591
109536149824804876
109536940356216475
109536933569205728
109536921085734229
109536918489749959
109536899852358389
109536886681542109
109536881996744174
109536467303969867
109536451209360419
109536423499530040
109536411591204853
109536405469863091
109536402147437289
109536399570549589
109536363252079776
109536332200544720
109536327908144287
109536303417116715
109536286947321993
109536323824083024
109536286405362999
109536280676587885
109536269132378399
109536223803868286
109536220790560126
109536200075618932
109536183202397881
109536179295207010
109536143937569389
109536143310864449
109536125029235331
109536117017660879
109536101155602599
109536087941808746
109536074839552917
109535969610697981
109535962673568747
109535904053106289
109535678883754232
109535570677652911
109535410564499626
109535170693851447
109535074471766856
109534819658836699
109534794770966714
108197404537063472
108199764847872803
108199796320017089
109534761654519389
109534747228328190
109534742666557556
109534471325605432
109534378827165962
109534310196384212
109533883496379877
109533739194243339
109533694413047273
109533659291983779
109533436106990443
109533415896115952
109532757408796534
109532342936248012
109532271046823764
109532115474820916
109531828646538459
109531815542246341
109531755904804201
109531620878384704
109531620246022610
109531598752455596
109531547485547080
109531371727776545
109531361779138802
109531358595825921
109531355228372734
109531325341459104
109531016567913722
109530914489094655
109530801977367945
109530659685680232
109530561840222894
109530403135360761
109530364872859525
109530341381440066
109530256522354706
109530199071903713
109530198865381826
109530041974872060
109530037408453925
109529974430068378
109529930906239963
109529826930717401
109529799815770810
109529775138255527
109529763139818407
109543821130584545
109529752225631958
109529748221596386
109529629798813026
109529628733550517
109529540657229218
109529530890914910
109529425048985897
109529395042403205
109529393105699365
109416956209919478
109529343733355215
109529331964309824
109529312155848331
109529194278917872
109529122625182749
109529059976900702
109529052927047827
109528972576246762
109528961927105484
109524046345286363
109524040348837876
109523992467882039
109523991727569133
109523957005612578
109523953964528663
109523934447512677
109523949959487489
109523926882629121
109523866389921782
109523850597953126
109523846463895533
109523839927005239
109523823688887035
109523780697875719
109523774395109387
109523761240052059
109523738863879514
109523723084784570
109523669283605750
109523665012758404
109523644522566942
109523636312445330
109523598071227630
109523594289375179
109523583583337619
109523408151307126
109523401995807126
109523356145338242
109523331933642062
109523283530663182
109523282733380560
109523277260111357
109523270664325959
109523244948038248
109523233229591338
109523229858819743
109523220679610065
109523174217559250
109523124954615214
109523108281408867
109523027265199978
109522929448340554
109522847029508291
109522823425321525
109522816917725485
109522692452377582
109522690617484870
109522678893328634
109522639617161115
109522630385489269
109522627886047225
109522565462853685
109522526611452460
109522519238666107
109522515534852160
109522477976761081
109522460949375077
109483539121405026
109522338680287784
109522335861187633
109522291102786468
109522279230346456
109522116651003791
109522084329681303
109522005516318872
109521998034445109
109507309156041907
109521979974179085
109521905668616167
109521898474784766
109521832246707267
109521817171783663
109521774545088979
109521759511813183
109521722146885842
109521688475520696
109521684662293117
109294482203124146
109435695496090282
108195040453283088
109521662343666020
109521656225222217
109531289169748489
109521639159983719
109521625063442616
109521619471804558
109521569249754958
109521538084926181
109521531961072444
109521501956958055
109521500389487546
109521495684136271
109521487725477651
109521445649726357
109521436852979244
109521434591138975
109521433166239738
109521394866286754
109521372239965288
109521366269116889
109521354543228908
109521341016416282
109521336537405351
109521319955171104
109521318303265898
109521298677781658
109521248807883302
109521415788933873
108194552069121210
109521245120079238
109521234078794440
109521231517228513
109521220500131685
109521205506518962
109521296420952972
109521198534603456
109521180516421369
109521157376087075
109521134966901194
109521118518250006
109521113690022297
109521434024807555
109521095678442283
109521094529495570
109521040714032225
109521037209545519
109521030064953660
109521015823784852
109521005315077360
109520985992393295
109520933341526165
109520925124687992
109520905710413652
109520874803385094
109520874652749042
109520849453038075
109520814895918010
109520785134899010
109520780342216256
109520766262926467
109520687730943474
109520687571145970
109520686017404917
109520662672073153
109520640146622254
109520617750508259
109520459940684791
109520410612486233
109519885883013575
109519216962465856
109518538878497800
109518013568717758
109517712375982087
109516041622880542
109514843566036898
109514725932718928
109514304220840886
109484941162803424
109513488174601015
109513332033800747
109513051779805117
109511673374935700
109535001429084769
109511489215393174
109510524101314598
109510037500426809
109509930696282872
109509376963081510
109509037259734906
109508783580980527
109508736557582676
109507436848295975
109507231717124693
109507198189999582
109507101823352314
109506941144958299
109506805389842405
109506362460627690
109505314505315845
109505277333038454
109504936386841764
109504887195160370
109504186270193966
109503531670430043
109503483781111644
109503390627360748
109503373939801940
109503126919067728
109502926105754091
109502910306949634
109502892669109382
109501294691914568
109500092010962434
109498909970674474
109498773686917304
109498061503113548
109497855709447713
109497598997666819
109497463557943424
109497454928349874
109496914049457334
109539583372645214
109283619225842504
109496740658722543
109496670828518827
109496347569101528
109495419516028350
109491203612453430
109489953101291805
109489208172069451
109488168712426324
109487013922369276
109486575897387018
109485486654924054
109485257123031358
109485071386096596
109485007851807978
109484067887096369
109483826361757886
109483346376076662
109483242000156438
109482855008308229
109482007100585941
109481634296410050
109481277110789578
109480765399532919
109479762387488115
109479556347098622
109478980645825838
109477927186148321
109476317349015765
109476271153350490
109476065447133407
109475088557305652
109473867927192893
109473691427085724
109473436710519577
109473275240344811
109473028474737581
109472932829048070
109472690421737861
109472158283213781
109471449961698920
109470211762181547
109469461642836606
109469030291628491
109468454418413354
109468431844648809
109468382103747158
109467195383656903
109466813593405294
109465745268606792
109464806063594688
109463042600538948
109462910162350118
109462087462942977
109461780999803171
109461351731290127
109459698489163761
109459694299593038
109459522774487123
109459077544715480
109458783147646149
109458258058620170
109457828219602835
109457328205467335
109287042329061494
109457094874342335
109456913613630068
109456876980328611
109456359285263238
109456294070665121
109257895862182371
109456025469018569
109455754133739940
109455423684650848
109455304340027472
109454653571147038
109454215023106436
109453882109648924
109453140415454791
109452532813777217
109451651477251041
109451078118218306
109450983833344896
109450398338910618
109449892626776989
109449472054751612
109449394264574557
109448243154385978
109448169372098697
109447696204020651
109446074941874780
109445723730748026
109445627634205198
109445431813366469
109544263926166371
109445391669027334
109445021689019089
109319895462087455
109444508093290089
109443582431851156
109443393213644476
109442891090760022
109441867734058305
109441270641142093
