34825
34829
34837
34843
34846
34854
34868
34870
34920
34923
34926
34927
34931
34940
34944
34949
34950
34955
34973
34975
34981
34992
34993
35000
35006
35014
35015
35016
35017
35020
35021
35023
35030
35036
35038
35043
35044
35045
35051
35056
35059
35065
35071
35078
35083
35087
35090
35091
35092
35098
35111
35113
35118
35126
35136
35147
35156
35162
35163
35173
35182
35186
35191
35206
35211
35216
35217
35219
35235
35239
35243
35254
35257
35261
35263
35265
35269
35272
35277
35285
35295
35299
35304
35310
35312
35317
35319
35327
35333
35343
35347
35361
35370
35378
35379
35384
35391
35393
35396
35406
35410
35416
35429
35449
35453
35457
35470
35493
35494
35495
35499
35508
35510
35522
35556
35571
35575
35577
35581
35582
35585
35587
35593
35596
35598
35601
35609
35611
35616
35618
35631
35632
35642
35654
35665
35666
35668
35669
35673
35693
35703
35707
35708
35709
35711
35716
35717
35738
35739
35744
35752
35771
35776
35786
35790
35798
35799
35817
35835
35838
35854
35872
35876
35887
35893
35914
35919
35920
35926
35928
35938
35940
35959
35982
36005
36015
36023
36025
36030
36033
36056
36058
36062
36070
36074
36080
36082
36090
36106
36112
36126
36148
36151
36153
36174
36192
36197
36205
36206
36208
36210
36221
36235
36237
36238
36272
36278
36293
36309
36317
36318
36319
36321
36323
36325
36328
36372
36383
36396
36397
36405
36412
36417
36431
36435
36442
36446
36448
36451
36455
36461
36464
36469
36493
36498
36511
36512
36514
36515
36521
36524
36528
36530
36539
36547
36556
36561
36568
36573
36576
36581
36583
36589
36590
36599
36600
36602
36618
36630
36635
36646
36654
36663
36699
36736
36750
36763
36765
36786
36836
36852
36856
36859
36872
36895
36917
36923
36925
36930
36965
36966
36972
36987
36993
36996
37022
37034
37039
37045
37053
37064
37070
37074
37077
37087
37090
37106
37111
37127
37129
37130
37131
37135
37141
37142
37149
37158
37161
37177
37198
37209
37212
37214
37222
37225
37226
37228
37235
37245
37254
37257
37264
37315
37319
37321
37332
37333
37338
37345
37349
37374
37394
37398
37408
37411
37414
37421
37424
37436
37439
37441
37450
37461
37464
37468
37478
37480
37528
37533
37548
37550
37554
37556
37559
37590
37597
37601
37603
37607
37612
37614
37630
37648
37652
37661
37675
37685
37723
37740
37741
37766
37768
37776
37790
37797
37807
37811
37814
37861
37870
37871
37877
37883
37886
37919
37925
37947
37949
37959
37961
37964
37967
37984
37989
37995
38006
38020
38023
38026
38031
38032
38038
38055
38061
38063
38065
38067
38073
38103
38147
38154
38175
38182
38200
38211
38219
38224
38249
38256
38270
38282
38292
38294
38309
38312
38327
38344
38383
38384
38393
38401
38403
38413
38435
38439
38461
38463
38472
38479
38497
38502
38503
38521
38528
38529
38530
38531
38536
38537
38540
38546
38555
38573
38577
38585
38589
38595
38600
38608
38621
38622
38653
38654
38659
38660
38674
38686
38693
38701
38723
38728
38731
38737
38765
38770
38773
38808
38811
38817
38818
38829
38833
38834
38835
38839
38847
38864
38873
38881
38899
38907
38911
38915
38923
38924
38925
38927
38933
38945
38960
38973
38980
38998
39024
39042
39061
39062
39072
39081
39082
39086
39092
39094
39111
39117
39151
39169
39172
39175
39179
39185
39194
39197
39204
39207
39211
39223
39227
39263
39269
39271
39286
39287
39292
39313
39318
39320
39333
39339
39342
39360
39373
39378
39389
39404
39415
39416
39420
39435
39437
39444
39448
39455
39464
39470
39479
39503
39511
39520
39541
39542
39544
39545
39566
39583
39588
39589
39591
39622
39629
39635
39649
39650
39651
39655
39659
39670
39677
39680
39689
39690
39699
39708
39713
39718
39725
39744
39751
39759
39764
39765
39779
39785
39825
39843
39847
39850
39864
39869
39881
39883
39887
39894
39899
39901
39907
39911
39917
39931
39936
39939
39949
39962
39971
39983
40009
40015
40017
40027
40032
40036
40046
40047
40049
40070
40093
40099
40104
40107
40108
40113
40138
40142
40145
40159
40172
40174
40175
40188
40230
40237
40238
40242
40253
40257
40259
40261
40267
40269
40279
40296
40299
40309
40312
40315
40322
40324
40325
40349
40350
40364
40373
40374
40388
40424
40429
40432
40435
40438
40442
40453
40458
40460
40483
40485
40488
40499
40506
40520
40532
40542
40546
40548
40565
40569
40571
40590
40604
40605
40606
40617
40644
40649
40665
40671
40711
40728
40736
40742
40752
40755
40769
40777
40797
40818
40824
40825
40837
40843
40848
40855
40862
40867
40868
40892
40899
40933
40944
40962
40966
40971
40985
40987
40996
41001
41008
41012
41014
41025
41034
41042
41043
41045
41050
41055
41082
41085
41102
41110
41115
41130
41134
41135
41137
41143
41147
41149
41160
41162
41163
41167
41171
41172
41181
41188
41191
41193
41195
41199
41207
41212
41233
41238
41252
41253
41261
41270
41276
41312
41313
41328
41337
41342
41352
41356
41357
41365
41371
41372
41373
41375
41383
41384
41397
41398
41399
41408
41416
41423
41428
41436
41439
41446
41452
41455
41456
41458
41487
41494
41496
41503
41504
41506
41521
41529
41559
41564
41566
41574
41604
41606
41616
41621
41622
41624
41628
41634
41635
41640
41643
41648
41658
41662
41667
41670
41672
41689
41698
41703
41715
41727
41738
41742
41757
41775
41776
41800
41816
41822
41825
41834
41837
41844
41850
41859
41872
41901
41912
41917
41927
41934
41941
41967
41968
41970
41972
41976
42000
42013
42014
42022
42025
42049
42056
42065
42071
42072
42074
42076
42079
42104
42111
42127
42130
42132
42136
42137
42138
42140
42155
42163
42193
42209
42215
42224
42226
42232
42259
42266
42272
42281
42287
42298
42313
42316
42319
42321
42327
42328
42334
42339
42344
42359
42366
42377
42387
42408
42411
42415
42423
42439
42460
42485
42499
42509
42512
42513
42514
42515
42534
42539
42540
42545
42551
42558
42562
42581
42585
42592
42594
42604
42612
42615
42616
42617
42622
42625
42626
42627
42631
42642
42676
42678
42689
42693
42694
42704
42706
42707
42712
42720
42723
42732
42771
42774
42783
42789
42800
42802
42804
42806
42815
42818
42825
42850
42856
42860
42865
42870
42879
42882
42900
42903
42905
42906
42908
42920
42923
42926
42927
42937
42944
42980
42988
42996
42999
43008
43013
43026
43039
43056
43057
43061
43065
43074
43077
43085
43086
43094
43100
43108
43110
43126
43134
43190
43197
43200
43226
43232
43238
43250
43255
43290
43307
43324
43326
43329
43341
43343
43344
43350
43351
43357
43385
43389
43438
43448
43455
43460
43475
43479
43485
43497
43498
43499
43507
43508
43515
43536
43538
43542
43546
43555
43556
43563
43572
43578
43590
43598
43607
43609
43615
43620
43647
43658
43660
43681
43691
43695
43701
43738
43739
43761
43764
43766
43768
43780
43786
43794
43822
43829
43859
43864
43871
43924
43940
43944
43951
43956
43965
43975
43979
44004
44011
44013
44023
44029
44037
44038
44042
44049
44053
44054
44060
44061
44067
44081
44084
44085
44107
44109
44116
44121
44140
44173
44187
44190
44203
44204
44233
44253
44278
44295
44297
44300
44326
44330
44340
44353
44355
44364
44380
44393
44397
44418
44419
44440
44451
44478
44482
44487
44497
44500
44510
44519
44558
44563
44581
44594
44606
44610
44614
44631
44639
44642
44643
44650
44653
44667
44668
44677
44697
44716
44734
44751
44753
44796
44798
44802
44805
44813
44828
44830
44831
44846
44863
44866
44873
44881
44887
44891
44896
44897
44903
44906
44923
44932
44936
44939
44956
44957
44966
44970
44979
44993
44998
45027
45034
45061
45062
45075
45146
45147
45164
45201
45204
45221
45223
45261
45311
45337
45356
45439
45444
45453
45488
45510
45523
45527
45530
45564
45567
45574
45614
45622
45665
45668
45679
45693
45694
45711
45713
45721
45722
45736
45745
45754
45775
45802
45805
45820
45851
45868
45880
45887
45908
45929
45935
45937
45940
45946
45951
45953
45956
45976
45986
45999
46007
46015
46018
46021
46035
46048
46050
46067
46084
46085
46100
46101
46102
46103
46109
46134
46159
46180
46190
46200
46206
46207
46224
46270
63617
63625
63642
63644
63654
63658
63675
63684
63732
63784
63805
63817
63818
63842
63848
63855
63873
63876
63877
63878
63889
63897
63903
63916
63926
63932
63946
63981
63985
63986
64005
64010
64011
64024
64028
64035
64041
64048
64053
64070
64079
64096
64109
64112
64117
64119
64121
64125
64129
64141
64152
64153
64172
64188
64207
64225
64232
72240
72244
72252
72265
72266
72268
72269
72270
72280
72287
72302
72306
72314
72347
72364
72368
72373
72381
72382
72403
72412
72420
72429
72430
72432
72438
72478
72528
72541
72568
72575
72604
72606
72612
72613
72627
72650
72653
72666
72673
72716
72745
72796
72797
72799
72803
72809
72817
72849
72873
72874
72880
72892
72896
72915
72955
72984
72993
73018
76091
76100
76107
76124
76145
76194
76223
76239
76295
76308
76315
76327
76330
76335
76357
76368
76369
76375
76420
76441
76445
76459
76519
76522
76524
76537
76550
76557
76559
76652
76656
76675
76681
76721
76723
76726
76744
76746
76774
76785
76801
76830
76860
76894
76896
76900
76932
76943
76965
76981
77034
77050
77125
77132
77140
77161
77191
77192
77200
77205
77217
77219
77230
77231
77236
77244
77248
77249
77256
77268
77272
77283
77291
77296
77297
77315
77318
77320
77325
77332
77333
77335
77341
77346
77349
77351
77357
77375
77384
77406
77411
77434
77442
77462
77464
77467
77474
77481
77486
77506
77523
77525
77541
77550
77557
77594
77649
77676
77683
77688
77757
77768
77785
77786
77787
77796
77906
77910
77919
77923
77930
77950
77962
77970
77974
78046
78072
78082
78095
78128
78160
78200
78216
78231
78232
78233
78252
78257
78278
78314
78354
78408
78446
78457
78494
78498
78503
78521
78539
78552
78575
78588
78713
78864
78876
78894
78902
78911
78927
78934
78938
78940
78965
78974
78983
78994
79020
79043
79086
79097
79118
79130
79141
79180
79220
79243
79248
79257
79266
79270
79327
79328
79344
79353
79385
79416
79428
79497
79500
79514
79515
79533
79551
79552
79557
79599
79606
79611
79635
79637
79645
79657
79677
79709
79719
79736
79739
79771
79796
79812
79827
79840
79855
79890
79907
79916
79919
79953
79981
80010
80018
80048
80056
80113
80123
80132
80158
80173
80178
80187
80196
80204
80223
80227
80228
80247
80257
80270
80275
80292
80307
80311
80324
80332
80333
80340
80361
80367
80385
80408
80414
80423
80448
80453
80457
80470
80506
80528
80529
80534
80535
80537
80571
80590
80610
80638
80642
80762
80781
80783
80807
80818
80874
80878
80894
80895
80912
80947
80965
80968
81013
81252
81258
84383
93842
93894
93917
94056
94069
94156
94226
94236
94279
94281
94320
94450
94503
94579
94657
94697
94699
94701
94943
94950
94965
94970
95106
95275
95309
95358
95361
95383
95391
95400
95424
95592
95593
95767
95788
95881
95949
96040
96049
96091
96122
96159
96192
96201
96347
96353
96358
96438
96476
96545
96566
96574
96660
96757
96762
96775
96776
96778
96806
96848
96858
96868
96888
96912
96929
96930
96935
96990
97059
97124
97142
97243
97246
97259
97280
97328
97385
97401
97426
97513
97563
97571
97645
97672
97705
97715
97730
97738
97741
97745
97786
97830
97852
97884
98004
98012
98220
98231
98235
98251
98254
98308
98427
98454
98474
98492
98497
98518
98519
98525
98531
98555
98556
98597
98610
98618
98639
98647
98677
98694
98700
106733
106817
106842
106857
106933
106961
106971
107090
107102
107118
107140
107144
107174
107177
107245
107380
107413
107427
107462
107464
107624
107641
107657
107666
107668
107724
107733
107880
107894
108018
108081
108140
108223
108306
108322
108373
108398
108566
108590
108618
108620
108621
108635
108647
108733
108776
108814
108824
108876
108883
108894
108897
108927
108951
108957
109017
109031
109040
109041
109057
109067
109081
109127
109134
109217
109309
109358
109431
109590
109612
109634
109688
109739
109747
109771
109886
109906
109980
109986
109994
110190
110245
110343
110354
110398
110448
110546
110623
110726
110784
110815
110917
110963
110977
111009
111011
111016
111041
111101
111263
111292
111314
111320
111509
111545
111584
127771
127772
127943
128077
128103
128104
128152
128153
128390
128538
128589
128592
128705
128743
128771
128815
128893
128898
128906
128924
128963
128980
129025
129045
129053
129117
129225
129246
129264
129271
129291
129296
129307
129333
129406
129409
129438
129472
129658
129665
129678
129740
129748
129750
129788
129880
129926
129943
129953
129964
130028
130044
130053
130115
130120
130206
130212
130284
130338
130520
130537
130543
130590
130595
130597
130598
130666
130688
130759
130772
130777
130791
130836
130840
130933
130953
130967
130989
131000
131013
131066
131097
131133
131135
131140
131198
131321
131489
131500
131523
131536
131582
131782
131863
131868
132004
132105
132159
132175
132195
132258
132306
132379
132404
132408
132421
132508
132536
132574
132592
132746
132813
132815
132877
132925
132975
133034
133085
133111
133114
133115
133147
133181
133202
133250
133270
133274
133375
133412
133507
133523
133526
133566
133576
133594
133647
133716
133752
133755
133831
133892
133950
133982
133988
134070
134126
134136
134206
134298
134493
134522
134552
134558
134564
134637
134642
134804
134806
134823
134865
134938
134939
134945
134954
134973
135075
135336
135470
135477
135577
135677
135690
135698
135719
135801
135824
135832
135874
135976
135978
135983
135992
136048
136102
136103
136141
136166
136242
136275
136388
136401
136405
136413
136417
136447
136471
136618
136632
136752
136766
136825
136872
137024
137029
137080
137082
137135
137174
137184
137561
137584
137706
137804
137808
137819
137863
137881
137920
138091
138159
138180
138221
138251
138352
138393
138409
138422
138463
138511
138670
138692
138774
138799
138805
138812
138883
138919
138937
138970
139017
139129
139176
139394
139450
139490
139581
139741
139808
139831
139865
139880
139944
140026
140032
140083
140195
140281
140290
140349
140374
140445
140540
140562
142718
142723
142779
142850
142855
142863
142925
142948
142950
143037
143055
143112
143151
143169
143210
143230
143270
143272
143362
143380
143382
143421
143491
143502
143520
143587
143655
143661
143672
143693
143721
143738
143745
143784
143839
143876
143900
143945
144052
144090
144121
144160
144178
144219
144222
144263
144302
144334
144340
144393
144468
144470
144504
144518
144556
144568
144608
144633
144654
144655
144662
144707
144770
144775
144817
144861
144873
144893
144984
145006
145048
145122
145267
145269
145289
145320
145325
145374
145422
145433
145445
145453
145457
145480
145517
145553
145613
145627
145642
145650
145704
145707
145801
145804
145848
145854
145866
145874
145948
145953
145970
145986
145998
146033
146039
146053
146072
146105
146113
146171
146235
146242
146246
146254
146257
146258
146369
146381
146389
146393
146402
146439
146465
146475
146486
146564
146614
146692
146703
146862
146914
146926
147044
147045
147055
147057
147058
147081
147172
147235
147270
147333
147379
147516
147529
147584
147592
147627
147633
147716
147836
147886
147901
147903
147905
147937
147938
147950
147970
147985
147992
148007
148098
148118
148119
148152
148162
148206
148371
148372
148488
148545
148563
148649
148720
148759
148778
148939
148947
148958
149038
149055
149082
149149
149154
149267
149270
149273
149328
149356
149379
149397
149447
149531
149534
149614
149657
149775
149797
149863
149911
149922
149935
149988
150036
150049
150135
150139
150166
150188
150191
150236
150270
150276
150277
150364
150372
150408
150601
150676
150796
150797
150827
150883
150890
150896
150910
150915
150941
151067
151119
151176
151219
151262
151275
151347
151520
151538
151543
151556
151574
151584
151599
151614
151640
151687
151747
151871
151927
151954
152021
152037
152062
152104
152146
152155
152166
152252
152273
152315
152395
152467
152518
152657
152722
152771
152895
152957
152978
152984
153010
153102
153261
153263
153348
153444
153527
153531
153562
153569
153591
153606
153635
153768
153833
153927
153962
154127
154181
154321
154373
154389
154454
154465
154484
154502
154544
154562
154587
154617
154622
154645
154660
154664
154687
154862
154881
154891
155104
155182
155209
155260
155399
155412
155441
155514
155542
155554
155675
155698
155847
155886
155912
155949
156013
156030
156050
156143
156201
156265
156316
156330
156383
156466
156535
156604
156612
156618
156761
156763
156825
156881
156899
156930
157033
157070
157118
157173
157178
157184
157200
157232
157243
157250
157272
157283
157286
157292
157310
157371
157415
157422
157427
157431
157445
157448
157461
157465
157473
157511
157545
157558
157622
157675
157676
157700
157770
157787
157795
157853
157889
157912
157965
157967
157994
158008
158044
158048
158062
158082
158145
158156
158169
158171
158202
158235
158248
158329
158341
158375
158379
158405
158494
158568
158641
158651
158685
158699
158727
158756
158764
158780
158789
158800
158813
158819
158837
158839
158876
158894
158901
158933
158969
159004
159018
159066
159074
159093
159142
159189
159232
159255
159308
159327
159364
159379
159393
159414
159418
159428
159459
159472
159494
159639
159645
159659
159709
159735
159760
159772
159858
159865
159925
159936
160065
160068
160150
160152
160176
160215
160223
160313
160414
160437
160502
160536
160567
160624
160625
160631
160668
160695
160709
160745
160842
160871
160886
160895
160926
160976
161062
161117
161128
161165
161187
161223
161267
161288
161300
161384
161399
161466
161475
161526
161566
161602
161655
161662
161673
161704
161733
161749
161760
161768
161835
161900
161908
161926
161947
161962
161999
162027
162032
162045
162065
162083
162091
162109
162161
162167
162173
162178
162190
162197
162209
162242
162276
162305
162351
162493
162495
162496
162504
162525
162551
162585
162640
162652
162663
162693
162708
162752
162896
162903
162945
162968
162972
163052
163054
163085
163191
163203
163208
163235
163246
163292
163316
163343
163361
163536
163615
163620
163658
163698
163704
163724
163846
163999
164015
164084
164098
164137
164141
164155
164166
164265
164282
164349
164398
164406
164466
164486
164487
164544
164559
164606
164610
164754
164760
164777
164788
164815
164847
164848
164858
164864
164867
164894
164895
164909
164959
164980
165047
165052
165062
165094
165149
165160
165189
165228
165264
165276
165277
165289
165301
165323
165330
165331
165345
165367
165376
165400
165409
165424
165470
165499
165521
165570
165571
165574
165584
165621
165624
165628
165668
165671
165754
165765
165814
165826
165832
165841
165915
166013
166043
166089
166090
166097
166141
166153
166209
166223
166255
166256
166296
166343
166369
166411
166421
166483
166561
166582
166618
166676
166701
166901
167064
167118
167174
167177
167189
167212
167248
167282
167300
167306
167343
167358
167452
167474
167495
167591
167652
167782
167795
167901
168059
168248
168385
168416
168512
168514
168550
168591
168684
168768
168776
168782
168814
169006
169128
169130
169146
169164
169165
169183
169250
169303
169328
169404
169472
169562
169612
169808
169951
169998
170049
170089
170095
170217
170300
170358
170376
170392
170417
170449
170461
170508
170524
170540
170545
170579
170766
170812
170883
170910
171003
171235
171268
171282
171415
171478
171491
171498
171504
171515
171550
171596
171610
171650
171688
171691
171762
171794
171814
171850
171851
171860
171886
171929
171993
172058
172075
172093
172118
172124
172216
172287
172355
172366
172395
172403
172419
172453
172481
172523
172559
172578
172582
172612
172699
172759
172801
172808
172876
172882
172888
173027
173031
173075
173081
173097
173192
173209
173257
173315
173352
173475
173485
173636
173683
173730
173796
173831
173850
174022
174036
174050
174074
174077
174085
174167
174245
174394
174575
174593
174629
174639
179091
186747
186766
186902
186947
187091
187104
187108
187123
187124
187214
187227
187312
187332
187364
187398
187408
187613
187662
187698
187722
187728
187757
187989
187992
188006
188009
188102
188256
188342
188346
188357
188384
188462
188669
188677
188756
188938
188946
188971
189016
189018
189039
189041
189074
189089
189108
189137
189138
189231
189296
189311
189318
189359
189362
189374
189392
189403
189613
189673
189727
189738
189813
189836
189853
189859
189868
189884
189962
190060
190296
190378
190415
190497
190577
190597
190617
190654
190657
190724
190758
190780
190884
190944
190956
190975
191009
191047
191136
191142
191206
191217
191263
191306
191334
191451
191516
191532
191624
191635
191682
191744
191745
191746
191754
191877
191952
192029
192300
192449
192501
192554
192620
192736
192822
192838
192875
192944
192987
192995
193044
193080
193087
193100
193103
193156
193182
193337
193368
193404
193409
193484
193488
193522
193579
193590
193607
193762
193782
193825
193882
193975
194040
194046
194104
194135
194197
194328
194351
194439
194490
194496
194529
194539
194541
194543
194567
194726
194854
194893
194911
194925
194934
194990
194998
195002
195058
195137
195176
195250
195320
195323
195395
195428
195440
195557
195798
195829
195876
195902
196006
196025
196090
196292
196437
196447
196573
197006
197017
197048
197139
197195
197196
197224
197359
197522
197543
197605
197898
197954
198170
198175
198182
198194
198208
198225
198226
198233
198248
198269
198291
198296
198305
198367
198385
198388
198391
198420
198429
198448
198459
198477
198483
198505
198570
198572
198593
198607
198623
198650
198653
198655
198661
198682
198692
198702
198709
198721
198760
198810
198833
198907
198934
198937
199062
199108
199122
199129
199165
199168
199169
199204
199210
199245
199252
199261
199262
199263
199349
199350
199399
199443
199458
199534
199635
199639
199640
199661
199723
199788
199851
199872
199930
199939
199945
199965
200003
200084
200099
200176
200250
200267
200271
200273
200318
200320
200562
200573
200626
200642
200688
200732
200839
200898
200909
200974
201090
201137
201150
201157
201236
201250
201277
201284
201319
201465
201562
201571
201586
201591
201709
201993
202229
202401
202414
202439
202581
202583
202982
203034
203148
203240
203834
203838
203962
204618
204752
204754
204788
204811
204985
205285
205307
205571
205812
205935
206072
206125
206156
206178
206199
206248
206268
206392
206505
206592
206604
207257
207332
207334
207379
207432
207529
207554
207645
207708
207766
207779
208064
208077
208152
208156
208169
208176
208178
208280
208305
208308
208343
208423
208542
208590
208632
208652
208766
208830
208863
208971
208976
209077
209121
209131
209134
209168
209363
209385
209437
209492
209559
209583
209663
209995
210006
210162
210301
210861
210885
210998
211080
212986
213004
213071
213074
213082
213083
213092
213102
213114
213116
213129
213152
213167
213177
213180
213203
213223
213245
213248
213249
213250
213251
213263
213284
213305
213308
213327
213333
213344
213362
213403
213408
213423
213445
213460
213508
213516
213558
213561
213567
213571
213600
213604
213619
213653
213660
213665
213673
213690
213708
213717
213756
213765
213776
213781
213783
213784
213813
213820
213823
213872
213879
213881
213896
213903
213908
213939
213945
213968
213990
213997
214002
214015
214023
214029
214032
214042
214044
214074
214083
214099
214120
214125
214136
214139
214142
214164
214202
214218
214221
214232
214236
214284
214293
214327
214337
214343
214344
214377
214437
214444
214490
214498
214504
214523
214574
214586
214628
214629
214683
214729
214731
214760
214775
214779
214809
214819
214821
214822
214855
214874
214883
214901
214958
214964
214973
214978
215021
215030
215033
215049
215060
215061
215105
215127
215134
215143
215145
215169
215176
215208
215226
215306
215315
215342
215357
215425
215460
215478
215491
215494
215497
215508
215518
215531
215533
215578
215583
215615
215616
215630
215644
215677
215688
215694
215703
215733
215795
215847
215848
215872
215928
216111
216150
216225
216231
216300
216362
216365
216366
216374
216387
216410
216414
216424
216425
216437
216489
216501
216698
216811
216815
216919
217069
217082
217100
217107
217276
217304
217307
217321
217358
217363
217371
217440
217749
217764
217770
217886
217904
217910
217930
218042
218084
218102
218119
218168
218207
218230
218284
218291
218348
218376
218531
218557
218630
218633
218637
218638
218663
218678
218735
218744
218770
218781
218802
218807
218827
218838
218850
218871
218877
218903
219049
219077
219217
219287
219401
219607
219646
219649
219679
219687
219698
219719
219723
219760
219832
219836
219844
219852
219892
220149
220199
220330
220332
220343
220357
220366
220386
220506
220588
220636
220676
220705
220713
221030
221042
221051
221063
221080
221094
221096
221105
221178
221190
221279
221322
221343
221373
221389
221448
221527
221568
221585
221633
221636
221652
221692
221699
221708
221740
221807
221820
221873
221914
221962
222094
222102
222154
222184
222222
222248
222355
222373
222437
222450
222457
222459
222465
222480
222537
222613
222719
222789
222883
222899
223027
223116
223154
223194
223198
223371
223608
223620
223759
223823
223851
223898
223945
223949
224020
224033
224091
224113
224146
224222
224233
224324
224400
224421
224441
224564
224699
224820
224845
224872
224910
224933
224965
225022
225057
225094
225145
225146
225229
225231
225258
225271
225282
225303
225429
225450
225506
225522
225540
225612
225615
225848
225876
225892
225895
225913
225940
225942
225976
225993
226135
226186
226196
226248
226260
226263
226416
226417
226420
226471
226487
226507
226525
226543
226748
226781
226811
226899
226946
226967
226997
227004
227007
227031
227047
227078
227086
227096
227102
227182
227233
227313
227314
227404
227424
227426
227441
227446
227465
227470
227531
227592
227647
227684
227691
227719
227721
227730
227735
227786
227843
227889
227920
227936
228043
228109
228114
228170
228172
228223
228261
228263
228272
228295
228315
228324
228329
228335
228348
228357
228365
228376
228405
228418
228426
228436
228442
228451
228457
228466
228484
228491
228531
228551
228557
228566
228575
228577
228579
228580
228593
228657
228689
228705
228725
228812
228862
228873
228881
228901
228936
228974
228983
228985
228990
228995
229003
229005
229022
229034
229041
229045
229070
229077
229081
229085
229092
229116
229133
229157
229161
229165
229211
229223
229233
229243
229255
229264
229272
229286
229290
229324
229331
229340
229351
229356
229375
229464
229497
229558
229571
229576
229609
229656
229664
229690
229697
229699
229701
229710
229719
229727
229730
229744
229764
229776
229794
229800
229804
229839
229856
229870
229871
229878
229879
229888
229895
229909
229916
229934
229935
229944
229952
229953
229956
229992
230051
230053
230062
230074
230082
230110
230111
230114
230129
230131
230146
230169
230181
230183
230188
230190
230196
230231
230262
230270
230275
230277
230291
230293
230294
230299
230306
230318
230324
230326
230343
230345
230429
230438
230452
230469
230476
230484
230490
230493
230495
230500
230503
230505
230520
230526
230545
230587
230644
230649
230664
230680
230684
230685
230690
230709
230712
230724
230725
230741
230746
230772
230775
230828
230866
230905
230941
230989
231012
231018
231030
231043
231050
231077
231109
231114
231199
231202
231228
231252
231260
231282
231321
231322
231331
231335
231340
231344
231369
231393
231414
231445
231459
231465
231471
231472
231473
231496
231512
231522
231544
231546
231570
231572
231587
231610
231625
231639
231660
231668
231674
231679
231706
231713
231718
231721
231734
231736
231766
231772
231781
231805
231809
231816
231821
231824
231826
231832
231848
231849
231859
231869
231880
231881
231883
231890
231891
231900
231903
231904
231910
231923
231930
231940
231947
231952
231982
231986
231989
231996
232006
232030
232039
232040
232050
232051
232071
232081
232082
232093
232100
232107
232110
232115
232127
232129
232151
232167
232181
232191
232195
232200
232201
232206
232207
232209
232210
232227
232229
232247
232248
232250
232253
232258
232268
232284
232307
232318
232321
232322
232326
232331
232337
232341
232349
232364
232369
232374
232384
232388
232389
232402
232413
232416
232418
232420
232427
232431
232433
232444
232447
232461
232463
232472
232489
232491
232498
232511
232524
232538
232561
232568
232571
232583
232585
232595
232602
232605
232612
232616
232626
232633
232634
232636
232644
232659
232669
232676
232690
232692
232694
232699
232715
232720
232725
232772
232775
232783
232826
232828
232851
232867
232873
232875
232898
232899
232902
232907
232923
232924
232926
232939
232956
232963
232971
232988
233019
233021